0 0.2378046875 0.10318055555555557 0.043453124999999995 0.06047222222222222
0 0.2716171875 0.10476388888888889 0.0365234375 0.06052777777777778
0 0.2896953125 0.08827777777777777 0.039640625 0.06168055555555555
0 0.22796875 0.15672222222222223 0.04525 0.07654166666666666
0 0.7596015625 0.6632638888888889 0.137140625 0.20733333333333334
0 0.6045078125 0.4338611111111111 0.0920703125 0.13902777777777778
0 0.5181328125 0.312 0.07377343750000001 0.11601388888888889
0 0.708265625 0.43270833333333336 0.0969765625 0.13505555555555554
0 0.8816875 0.6152500000000001 0.1322421875 0.1985833333333333
2 0.18253124999999998 0.09366666666666666 0.0258125 0.054125
2 0.195953125 0.14795833333333333 0.029414062499999998 0.078125
0 0.309796875 0.2081388888888889 0.0472265625 0.084875
0 0.026109375 0.09009722222222223 0.05221875 0.08904166666666667
0 0.578265625 0.1280138888888889 0.0713125 0.09018055555555557
2 0.1658203125 0.15733333333333333 0.0268125 0.060125
0 0.5404453124999999 0.18975 0.05591406249999999 0.08816666666666666
0 0.2440625 0.2615138888888889 0.0604140625 0.08919444444444444
1 0.1368125 0.3179166666666667 0.11651562499999998 0.2209722222222222
0 0.33690625 0.34149999999999997 0.0737890625 0.12934722222222222
1 0.0858203125 0.714625 0.1716328125 0.5707361111111111
0 0.568453125 0.24134722222222224 0.0606015625 0.08265277777777777
0 0.255109375 0.4879722222222222 0.103640625 0.18570833333333334
0 0.375859375 0.5034444444444445 0.10301562500000001 0.177
0 0.0263359375 0.1678888888888889 0.04375 0.08879166666666667
0 0.2545390625 0.6957638888888888 0.1305 0.23683333333333334
0 0.41769531249999997 0.10243055555555555 0.040046874999999996 0.05326388888888889