0 0.20122656249999998 0.07893055555555556 0.0424375 0.08286111111111111
0 0.094546875 0.16169444444444445 0.050453125 0.08319444444444445
0 0.02421875 0.24147222222222225 0.0484296875 0.15469444444444444
0 0.58740625 0.41245833333333337 0.0777578125 0.12473611111111112
1 0.2454296875 0.5499305555555556 0.3218515625 0.5571805555555556
0 0.5686875 0.20325000000000001 0.052328125 0.07627777777777778
2 0.4724921875 0.17368055555555556 0.0141875 0.05604166666666667
2 0.521921875 0.20701388888888891 0.0224296875 0.05923611111111111
2 0.5275078125 0.1488611111111111 0.018421874999999997 0.04531944444444445
0 0.439453125 0.17784722222222224 0.046328125 0.09216666666666666
0 0.7370859375000001 0.68525 0.25265624999999997 0.22688888888888892
2 0.6148828125 0.2544444444444444 0.019523437499999997 0.06837499999999999
2 0.49759374999999995 0.15858333333333335 0.02109375 0.066375
0 0.8434296874999999 0.8436111111111111 0.2970625 0.20868055555555556
0 0.4260703125 0.07523611111111111 0.024898437500000002 0.05602777777777778