0 0.670875 0.5283611111111112 0.10007812499999999 0.16283333333333333
1 0.1731328125 0.1418611111111111 0.080828125 0.16341666666666665
0 0.89275 0.508875 0.1058828125 0.15406944444444445
2 0.74209375 0.4975833333333333 0.0427578125 0.116375
2 0.8316953125 0.5460138888888889 0.0545625 0.12434722222222222
2 0.9604609375000001 0.4965694444444444 0.030921874999999998 0.11836111111111111
0 0.602828125 0.41441666666666666 0.087390625 0.16202777777777777
0 0.297859375 0.20177777777777778 0.059843749999999994 0.10147222222222223
2 0.707828125 0.3538888888888889 0.0434140625 0.10765277777777779
0 0.032937499999999995 0.24422222222222223 0.05871875 0.11816666666666667
0 0.5876640625 0.2244861111111111 0.0641796875 0.11001388888888888
0 0.520359375 0.23581944444444444 0.0532421875 0.08581944444444445
0 0.5493671875 0.3302777777777778 0.0654921875 0.11105555555555555
0 0.6288203125 0.337625 0.0672890625 0.10351388888888889
2 0.7425390625 0.4007222222222222 0.035828125 0.09416666666666666
0 0.24520312500000002 0.3280138888888889 0.09734374999999999 0.1649861111111111
0 0.07112500000000001 0.48301388888888885 0.11696875 0.17975
0 0.523921875 0.11115277777777778 0.03940625 0.046875
0 0.41783593750000003 0.7039027777777778 0.234140625 0.27061111111111114
0 0.44703125000000005 0.08793055555555555 0.026234374999999997 0.05126388888888889
0 0.407984375 0.09291666666666668 0.025796875000000004 0.044527777777777784
0 0.5020625 0.14390277777777777 0.046984375 0.06161111111111111
0 0.5763906249999999 0.146875 0.0436328125 0.062
0 0.8991093749999999 0.8623055555555555 0.2017890625 0.2753888888888889
0 0.50128125 0.17505555555555558 0.0467578125 0.05566666666666666