0 0.17977343750000002 0.1688472222222222 0.0560390625 0.12602777777777777
0 0.2937109375 0.15613888888888888 0.0423203125 0.06255555555555556
0 0.24428125 0.09427777777777777 0.0376484375 0.059263888888888894
0 0.9635781250000001 0.7646805555555556 0.07284375 0.22047222222222224
0 0.2885703125 0.051791666666666666 0.0293828125 0.052083333333333336
0 0.48051562499999995 0.14294444444444446 0.0454375 0.06673611111111111
0 0.2389140625 0.03197222222222222 0.026937499999999996 0.03776388888888889
2 0.1973984375 0.08155555555555555 0.020703125 0.06241666666666666
0 0.037046875 0.18019444444444446 0.04375 0.09302777777777778
0 0.0190859375 0.12025 0.038171875 0.09673611111111112
0 0.3456015625 0.37702777777777774 0.07378124999999999 0.12568055555555555
2 0.15242968750000002 0.704875 0.07415625 0.20034722222222223
2 0.05982031249999999 0.5784861111111111 0.0482109375 0.18004166666666666
0 0.0284609375 0.34929166666666667 0.056921875 0.10493055555555555
0 0.46757031250000003 0.8414722222222223 0.1824609375 0.31705555555555553