0 0.23981249999999998 0.10972222222222222 0.0394296875 0.06322222222222222
0 0.290921875 0.06090277777777778 0.030046875 0.05288888888888889
0 0.23957812500000003 0.042291666666666665 0.0238125 0.03936111111111111
0 0.23846875 0.08634722222222223 0.034664062499999995 0.04554166666666667
0 0.20866406249999997 0.027569444444444445 0.0303046875 0.04652777777777778
0 0.64390625 0.35966666666666663 0.0793515625 0.12233333333333334
0 0.7260234375 0.4237361111111111 0.1043359375 0.14975
0 0.8957499999999999 0.6305277777777778 0.1576796875 0.22516666666666668
0 0.7485546875 0.6555833333333333 0.1342578125 0.20370833333333332
2 0.1650390625 0.14959722222222221 0.0265546875 0.06530555555555556
2 0.1902421875 0.14520833333333333 0.025703125 0.058472222222222224
0 0.1859296875 0.16766666666666666 0.0540390625 0.06740277777777778
0 0.020874999999999998 0.1415 0.0381640625 0.06141666666666667
0 0.2835546875 0.11186111111111112 0.037625 0.06372222222222222
0 0.10278125 0.20854166666666668 0.06271875 0.08238888888888889
0 0.326859375 0.26944444444444443 0.0724375 0.10980555555555556
2 0.13289062499999998 0.4518472222222222 0.064546875 0.14681944444444445
0 0.03359375 0.1976388888888889 0.049328125 0.07131944444444445
0 0.2767421875 0.8366805555555555 0.1280390625 0.23525