0 0.143171875 0.4842222222222222 0.1273671875 0.1812222222222222
0 0.03078125 0.31831944444444443 0.0615703125 0.10654166666666666
0 0.2774140625 0.12662500000000002 0.049921875 0.07075
0 0.2389140625 0.24094444444444443 0.0697890625 0.13427777777777777
1 0.18746875000000002 0.10798611111111112 0.060203125 0.14931944444444445
0 0.023195312500000002 0.17345833333333333 0.046390625000000005 0.06916666666666667
0 0.6760390625 0.5352361111111111 0.10788281250000001 0.14904166666666668
0 0.247546875 0.6713472222222222 0.19715625 0.18483333333333335
0 0.9032500000000001 0.510625 0.1123125 0.16015277777777778
0 0.6168984375 0.4330416666666667 0.08870312500000001 0.16608333333333333
0 0.698796875 0.42590277777777774 0.078421875 0.1327222222222222
0 0.64434375 0.2768611111111111 0.0695078125 0.1132361111111111
0 0.6499140625 0.17744444444444446 0.0565703125 0.06438888888888888
0 0.5481484375 0.1758611111111111 0.0422890625 0.051694444444444446
0 0.538109375 0.22526388888888887 0.053453125000000004 0.07670833333333332
0 0.56478125 0.28558333333333336 0.0677421875 0.08520833333333333
0 0.482640625 0.12704166666666666 0.0340390625 0.05723611111111111
0 0.43353906249999996 0.12147222222222222 0.042976562499999996 0.06198611111111112
2 0.8049375 0.4465277777777778 0.02328125 0.08509722222222223
2 0.802484375 0.491375 0.030734375 0.08431944444444445
2 0.7976875 0.5667777777777777 0.047921875 0.12044444444444444
2 0.8764765625000001 0.5878055555555556 0.04659375 0.15615277777777778
0 0.3932578125 0.06829166666666667 0.032492187500000005 0.04451388888888889