0 0.23646093750000002 0.1611388888888889 0.049703125 0.07794444444444444
0 0.2783125 0.16747222222222222 0.040984375 0.0779861111111111
0 0.3021953125 0.148625 0.039640625 0.06168055555555555
0 0.23378125 0.26229166666666665 0.06399218749999999 0.09083333333333334
0 0.8844921875 0.8466250000000001 0.20340625 0.2946944444444445
0 0.8379453124999999 0.5652361111111112 0.12508593750000002 0.17477777777777778
0 0.8141718750000001 0.6587222222222222 0.135140625 0.1624861111111111
0 0.595796875 0.42670833333333336 0.08090625 0.12476388888888888
0 0.512109375 0.30762500000000004 0.0733203125 0.11204166666666666
0 0.477953125 0.23816666666666667 0.0541328125 0.08266666666666667
0 0.5739140625 0.28105555555555556 0.065734375 0.0953611111111111
0 0.680828125 0.40248611111111116 0.087609375 0.1223611111111111
0 0.23802343750000002 0.09665277777777778 0.04121875 0.0545
2 0.169140625 0.14368055555555556 0.0365234375 0.07159722222222221
2 0.1807734375 0.25752777777777774 0.0490546875 0.09718055555555555
0 0.3463984375 0.34547222222222224 0.0704375 0.12140277777777778
0 0.0417421875 0.16948611111111112 0.053117187499999996 0.10809722222222222
0 0.5247109375 0.11215277777777778 0.0409609375 0.05841666666666667
2 0.12117968750000001 0.28276388888888887 0.0357421875 0.09823611111111112
0 0.46946875 0.10797222222222222 0.038953125 0.05483333333333333
0 0.2520859375 0.46631944444444445 0.08184375 0.14316666666666666
1 0.08414843749999999 0.5505138888888889 0.1379453125 0.3718194444444444
0 0.41233593749999997 0.6535 0.13359375 0.22301388888888887
1 0.058148437500000004 0.9059583333333333 0.11629687500000001 0.18809722222222222