0 0.7356171875 0.6069166666666667 0.147625 0.24706944444444442
0 0.8619140625 0.46319444444444446 0.107453125 0.1406111111111111
0 0.7532421874999999 0.46980555555555553 0.1230859375 0.14975
0 0.73884375 0.35886111111111113 0.0983125 0.11122222222222222
0 0.6352890625 0.3414027777777778 0.075109375 0.1302638888888889
0 0.5570703124999999 0.25643055555555555 0.053023437500000006 0.08102777777777778
0 0.55975 0.35904166666666665 0.0688359375 0.11383333333333333
0 0.1123125 0.29980555555555555 0.07209375 0.12212500000000001
0 0.5011640625 0.20268055555555556 0.050124999999999996 0.07668055555555556
0 0.52471875 0.2909861111111111 0.05792968750000001 0.08263888888888889
0 0.462796875 0.23558333333333334 0.048078125 0.0805
0 0.0319296875 0.24762499999999998 0.060289062500000004 0.10429166666666667
2 0.20153906250000003 0.2081111111111111 0.0313125 0.07219444444444444
0 0.41467968749999995 0.15561111111111112 0.039375 0.058819444444444445
2 0.202 0.26825 0.031765625 0.07895833333333334
2 0.27452343749999997 0.2890833333333333 0.0284921875 0.08491666666666667
2 0.1895859375 0.39368055555555553 0.04346875 0.10825
0 0.0635 0.5453333333333333 0.093078125 0.17577777777777778
0 0.43588281249999994 0.18319444444444447 0.038492187500000004 0.06241666666666666
0 0.6253828125 0.4409722222222222 0.0858359375 0.12920833333333334
0 0.26134375 0.7181805555555556 0.1146484375 0.2016111111111111
0 0.43499218749999996 0.11593055555555555 0.032484374999999996 0.050902777777777776
2 0.0513203125 0.427875 0.037984375 0.08594444444444445
0 0.38789843749999997 0.07444444444444445 0.027578125 0.03698611111111111