0 0.045179687499999996 0.3967222222222222 0.07875 0.11804166666666666
0 0.2450546875 0.3937361111111111 0.070015625 0.108125
0 0.350625 0.34730555555555553 0.062406249999999996 0.10255555555555557
0 0.304203125 0.19093055555555555 0.0499140625 0.07551388888888888
0 0.2796484375 0.08675000000000001 0.0276015625 0.04572222222222223
0 0.2345625 0.08813888888888889 0.026718750000000003 0.036583333333333336
0 0.177203125 0.15858333333333335 0.041453125 0.07034722222222221
0 0.025320312499999997 0.2117638888888889 0.0434921875 0.06559722222222222
0 0.6123203125 0.44255555555555554 0.101421875 0.15020833333333333
0 0.6641015625 0.3675555555555555 0.0799921875 0.11922222222222223
0 0.7490234375 0.47291666666666665 0.0958203125 0.12759722222222222
0 0.9353828125 0.6993472222222222 0.1292421875 0.2114027777777778
0 0.8798125000000001 0.8593194444444445 0.205609375 0.2813472222222222
0 0.2443828125 0.12048611111111111 0.028499999999999998 0.04176388888888889
0 0.29025 0.1232638888888889 0.0331796875 0.05525
0 0.46825 0.1532222222222222 0.0431953125 0.07154166666666667
0 0.5206953125 0.19866666666666666 0.05434375 0.07908333333333332
0 0.5706953125 0.2713055555555556 0.065046875 0.10530555555555554
0 0.20733593749999998 0.050833333333333335 0.025828125 0.04134722222222222
2 0.738203125 0.3762777777777778 0.031765625 0.08906944444444444
2 0.610203125 0.2538333333333333 0.02353125 0.08625000000000001