0 0.2021171875 0.059875 0.0424375 0.08286111111111111
0 0.09275781250000001 0.1489861111111111 0.050453125 0.08319444444444445
0 0.02421875 0.21448611111111113 0.0484296875 0.15469444444444444
0 0.6003515625 0.43230555555555555 0.08757812499999999 0.13584722222222223
1 0.21596875 0.47927777777777775 0.2557890625 0.415875
0 0.5874375 0.21991666666666668 0.055898437499999995 0.08738888888888889
2 0.4867734375 0.18955555555555553 0.0141875 0.05604166666666667
2 0.5371015625 0.22923611111111114 0.0224296875 0.05923611111111111
2 0.54446875 0.16156944444444443 0.018421874999999997 0.04531944444444445
0 0.44838281249999995 0.18737499999999999 0.046328125 0.09216666666666666
0 0.654953125 0.6598472222222221 0.245515625 0.20783333333333331
2 0.6456796875 0.2814305555555556 0.034703125 0.08108333333333334
2 0.51009375 0.16811111111111113 0.02109375 0.066375
0 0.6898828124999999 0.8150277777777778 0.2970625 0.20868055555555556
0 0.4385703125 0.08318055555555556 0.024898437500000002 0.05602777777777778
0 0.4038515625 0.08179166666666667 0.032710937499999995 0.06358333333333334