0 0.23869531249999998 0.27149999999999996 0.06309375 0.10494444444444445
0 0.3158046875 0.342125 0.062406249999999996 0.10973611111111112
0 0.3365625 0.26929166666666665 0.0548203125 0.09343055555555554
0 0.24003125 0.5584305555555555 0.09434375 0.1908611111111111
0 0.9295546874999999 0.6825 0.1408984375 0.20698611111111112
0 0.6519375000000001 0.5100277777777779 0.093609375 0.15179166666666669
0 0.741203125 0.46361111111111114 0.10609375000000001 0.1493888888888889
0 0.6513671875 0.3619861111111111 0.082234375 0.10175000000000001
0 0.616890625 0.4205416666666667 0.09228125000000001 0.10533333333333333
0 0.5065234375000001 0.29809722222222224 0.0648359375 0.08665277777777777
0 0.46211718749999997 0.23616666666666666 0.04475 0.07076388888888889
0 0.44671093749999996 0.20244444444444443 0.0469921875 0.05884722222222222
0 0.46902343750000003 0.16355555555555557 0.043421875 0.06677777777777777
0 0.5290625 0.2326111111111111 0.059039062499999996 0.08424999999999999
0 0.23935937499999999 0.17843055555555556 0.051039062499999996 0.06879166666666667
0 0.0585703125 0.12859722222222222 0.041249999999999995 0.06359722222222222
0 0.0398125 0.15838888888888888 0.0523828125 0.08029166666666666
2 0.21334375 0.06213888888888889 0.0231171875 0.05683333333333333
2 0.1851171875 0.113125 0.022453124999999997 0.050111111111111106
2 0.145046875 0.23655555555555555 0.0418828125 0.08588888888888889
2 0.14639843749999998 0.6060555555555556 0.0624453125 0.1686388888888889
0 0.450390625 0.7725833333333333 0.1338125 0.21031944444444445
0 0.0310234375 0.3012638888888889 0.062046875 0.13668055555555556