0 0.2378046875 0.10318055555555557 0.043453124999999995 0.06047222222222222
0 0.269828125 0.1111111111111111 0.0365234375 0.06052777777777778
0 0.2896953125 0.09622222222222222 0.039640625 0.06168055555555555
0 0.2297578125 0.17180555555555557 0.048820312500000004 0.09401388888888888
0 0.7127343749999999 0.597375 0.12375 0.19304166666666667
0 0.5714765625 0.39416666666666667 0.0920703125 0.13902777777777778
0 0.5038515625 0.29215277777777776 0.0630625 0.095375
0 0.6680937499999999 0.38983333333333337 0.0969765625 0.13505555555555554
0 0.8388359375000001 0.5644444444444444 0.1322421875 0.1985833333333333
0 0.24025781249999997 0.06727777777777777 0.03496875 0.04655555555555556
2 0.181640625 0.10795833333333334 0.0258125 0.054125
2 0.1888125 0.16701388888888888 0.0419140625 0.08130555555555555
0 0.3169375 0.22719444444444445 0.0472265625 0.084875
0 0.026109375 0.09009722222222223 0.05221875 0.08904166666666667
0 0.5666640625 0.12643055555555555 0.058812500000000004 0.08065277777777778
2 0.1586796875 0.18908333333333333 0.0357421875 0.09823611111111112
0 0.520359375 0.1532361111111111 0.04609375 0.06594444444444444
0 0.2453984375 0.2885 0.06309375 0.12094444444444444
1 0.129671875 0.3337916666666667 0.11651562499999998 0.2209722222222222
0 0.350296875 0.3780138888888889 0.0737890625 0.12934722222222222
1 0.080015625 0.7400277777777778 0.16003125 0.5199305555555556
0 0.5256015625 0.20323611111111112 0.0606015625 0.08265277777777777
0 0.2577890625 0.5705416666666667 0.10900000000000001 0.2047638888888889
0 0.3990703125 0.5907777777777778 0.10301562500000001 0.177
0 0.0263359375 0.1758333333333333 0.04375 0.08879166666666667
0 0.258109375 0.8323055555555555 0.1305 0.23683333333333334