0 0.23669531250000003 0.05991666666666667 0.0492578125 0.08980555555555556
0 0.673359375 0.5336527777777778 0.10788281250000001 0.14904166666666668
0 0.96615625 0.5955694444444445 0.0676796875 0.15538888888888888
0 0.6151093750000001 0.4314583333333333 0.08870312500000001 0.16608333333333333
0 0.8527890625 0.6116944444444444 0.10787500000000001 0.16130555555555556
0 0.829109375 0.44437499999999996 0.1105703125 0.17198611111111112
0 0.727125 0.33779166666666666 0.0681796875 0.1025
0 0.672453125 0.3737361111111111 0.0757734375 0.11005555555555555
0 0.7402031250000001 0.4650138888888889 0.093625 0.12965277777777778
0 0.6531484375 0.27947222222222223 0.0733125 0.09534722222222224
0 0.5576171875 0.2604166666666667 0.057257812500000005 0.07627777777777778
2 0.989875 0.6517361111111111 0.02025 0.12204166666666667
2 0.9749140625000001 0.7719861111111112 0.0465859375 0.19108333333333336
0 0.4941328125 0.1778611111111111 0.043203124999999995 0.06991666666666667
0 0.5231484375 0.3098194444444444 0.0688359375 0.11383333333333333
0 0.12659375 0.4228611111111111 0.091734375 0.10784722222222223
0 0.4440234375 0.12804166666666666 0.037625 0.057625
0 0.4729375 0.225875 0.0436484375 0.07629166666666666
0 0.427078125 0.17525000000000002 0.037367187499999996 0.05508333333333333
0 0.1449765625 0.5366111111111111 0.1335 0.16780555555555554
2 0.231890625 0.6161666666666666 0.074171875 0.18334722222222222
0 0.40307812500000006 0.13655555555555554 0.026875 0.062
2 0.20198437500000002 0.9367083333333333 0.0853203125 0.12658333333333333
2 0.38298437500000004 0.9337361111111111 0.075796875 0.13254166666666667