0 0.1784375 0.19822222222222222 0.067640625 0.15619444444444444
0 0.299515625 0.1736111111111111 0.0503515625 0.07843055555555556
0 0.24517187499999998 0.100625 0.0376484375 0.059263888888888894
0 0.9363515625 0.7083194444444445 0.127296875 0.21570833333333334
0 0.2885703125 0.051791666666666666 0.0293828125 0.052083333333333336
0 0.4706953125 0.135 0.0454375 0.06673611111111111
0 0.21302343750000002 0.05238888888888889 0.032296875 0.04134722222222222
0 0.2389140625 0.03197222222222222 0.026937499999999996 0.03776388888888889
0 0.23846875 0.052 0.031093749999999996 0.03723611111111111
2 0.193828125 0.0895 0.020703125 0.06241666666666666
0 0.03615625 0.19766666666666666 0.04375 0.09302777777777778
0 0.0190859375 0.13454166666666667 0.038171875 0.09673611111111112
0 0.36657812500000003 0.4564166666666667 0.0943125 0.15743055555555555
2 0.14171875 0.8763611111111111 0.07415625 0.20034722222222223
2 0.024109375 0.6975694444444445 0.0482109375 0.18004166666666666
0 0.0190859375 0.37072222222222223 0.038171875 0.12556944444444443