0 0.23981249999999998 0.10177777777777777 0.0394296875 0.06322222222222222
0 0.23846875 0.07047222222222223 0.034664062499999995 0.04554166666666667
0 0.6876484375 0.40570833333333334 0.0918515625 0.15409722222222222
0 0.784046875 0.49201388888888886 0.12040625 0.18150000000000002
2 0.17485937499999998 0.11466666666666667 0.022984375 0.04943055555555556
2 0.1964921875 0.10154166666666667 0.0239140625 0.044180555555555556
0 0.1966484375 0.12004166666666667 0.03796875 0.051513888888888894
0 0.020874999999999998 0.1415 0.0381640625 0.06141666666666667
0 0.275078125 0.07455555555555556 0.026023437500000003 0.05259722222222222
0 0.1045625 0.1490138888888889 0.0484375 0.06809722222222223
0 0.3009609375 0.17655555555555555 0.0492265625 0.07327777777777778
2 0.13779687499999999 0.2732222222222222 0.044015625 0.09759722222222221
0 0.046984375 0.15952777777777777 0.049328125 0.07131944444444445
0 0.25665625 0.3921111111111111 0.0842890625 0.12093055555555554
0 0.3972734375 0.051625000000000004 0.028476562500000004 0.048486111111111105