0 0.10701562499999999 0.4397638888888889 0.1068359375 0.15581944444444445
0 0.026765624999999998 0.29291666666666666 0.053531249999999996 0.10654166666666666
0 0.27652343749999997 0.11233333333333333 0.049921875 0.07075
0 0.23667968749999999 0.20838888888888887 0.05996875 0.11680555555555555
1 0.189703125 0.09369444444444444 0.0557421875 0.12073611111111113
0 0.0182890625 0.15758333333333333 0.0365703125 0.06916666666666667
0 0.6760390625 0.5352361111111111 0.10788281250000001 0.14904166666666668
0 0.140421875 0.6110138888888889 0.1614453125 0.1784861111111111
0 0.9032500000000001 0.510625 0.1123125 0.16015277777777778
0 0.6168984375 0.4330416666666667 0.08870312500000001 0.16608333333333333
0 0.7103984375 0.44019444444444444 0.078421875 0.1327222222222222
0 0.657734375 0.28797222222222224 0.0695078125 0.1132361111111111
0 0.5726953124999999 0.20284722222222223 0.05746875 0.06122222222222222
0 0.55953125 0.25225000000000003 0.053453125000000004 0.07670833333333332
0 0.57728125 0.30145833333333333 0.0677421875 0.08520833333333333
0 0.4964765625 0.13815277777777776 0.043859375 0.06676388888888889
0 0.43978906249999994 0.13418055555555555 0.042976562499999996 0.06198611111111112
2 0.8201171875 0.45605555555555555 0.02328125 0.08509722222222223
2 0.8114140624999999 0.5104305555555555 0.030734375 0.08431944444444445
2 0.803046875 0.5699583333333333 0.047921875 0.12044444444444444
2 0.8876328125 0.5997083333333334 0.051054687499999994 0.13868055555555556
0 0.3932578125 0.06829166666666667 0.032492187500000005 0.04451388888888889
0 0.39816406249999997 0.1272222222222222 0.036703124999999996 0.07570833333333334