2 0.1870390625 0.08705555555555555 0.0223203125 0.05776388888888889
0 0.23156249999999998 0.06744444444444445 0.038171875 0.06205555555555556
0 0.2917109375 0.044375 0.032492187500000005 0.056652777777777774
0 0.26960937500000004 0.05830555555555555 0.03584375 0.04475
0 0.28411718750000003 0.09419444444444444 0.0382890625 0.06504166666666666
2 0.2082265625 0.11819444444444444 0.02584375 0.04945833333333333
0 0.17252343750000002 0.19881944444444447 0.06294531249999999 0.11372222222222221
0 0.2429296875 0.3827916666666667 0.09390625 0.18965277777777778
0 0.33992187500000004 0.31529166666666664 0.0641796875 0.11820833333333333
0 0.3806484375 0.4943472222222222 0.1184140625 0.22059722222222225
0 0.23645312500000001 0.7207916666666667 0.142109375 0.2542638888888889