0 0.023953125 0.2293888888888889 0.0479140625 0.10659722222222222
0 0.02275 0.15238888888888888 0.043710937500000005 0.076375
0 0.235796875 0.10913888888888888 0.0492578125 0.08980555555555556
1 0.2013203125 0.05002777777777778 0.0468203125 0.09375
0 0.673359375 0.5336527777777778 0.10788281250000001 0.14904166666666668
0 0.9086093749999999 0.5010972222222223 0.131953125 0.16333333333333333
0 0.6177890625 0.4330416666666667 0.08870312500000001 0.16608333333333333
0 0.7572656249999999 0.5013333333333333 0.08645312499999999 0.13748611111111111
0 0.75546875 0.37609722222222225 0.093609375 0.14975
0 0.658390625 0.275875 0.0628203125 0.086625
0 0.6345156249999999 0.3181527777777778 0.0695234375 0.10052777777777777
0 0.6759296875 0.3999027777777778 0.07934375 0.10743055555555554
0 0.58440625 0.22231944444444443 0.05903125 0.089
0 0.4955859375 0.18658333333333335 0.0474375 0.06198611111111112
2 0.8870703125 0.5520972222222222 0.0375625 0.12479166666666666
2 0.8489140624999999 0.5739444444444445 0.03609375 0.12559722222222222
2 0.8173281250000001 0.5945694444444444 0.047921875 0.13791666666666666
2 0.9322734374999999 0.64575 0.0581953125 0.1418611111111111
0 0.43834375000000003 0.11593055555555555 0.036953124999999996 0.05086111111111111
0 0.45307031249999996 0.20977777777777776 0.044734375 0.07888888888888888
0 0.4658203125 0.6768888888888889 0.24528906250000002 0.22851388888888888
0 0.3926953125 0.07008333333333333 0.026023437500000003 0.04015277777777778
0 0.4332109375 0.15759722222222222 0.0373984375 0.050888888888888886
0 0.3958203125 0.12920833333333334 0.028437499999999998 0.04555555555555555
0 0.6267578125 0.8464166666666666 0.3157578125 0.22777777777777777