0 0.23690625 0.30722222222222223 0.068453125 0.1192361111111111
0 0.324734375 0.38102777777777774 0.069546875 0.11449999999999999
0 0.34192187500000004 0.3042222222222222 0.056609374999999997 0.09661111111111112
0 0.24003125 0.6497222222222222 0.121125 0.21468055555555554
0 0.8818203125 0.6181944444444445 0.13196875 0.1863472222222222
0 0.632296875 0.4830416666666667 0.093609375 0.15179166666666669
0 0.711296875 0.42947222222222226 0.0891328125 0.11922222222222223
0 0.630390625 0.337375 0.075984375 0.10333333333333335
0 0.596359375 0.3919583333333333 0.072640625 0.08627777777777777
0 0.5065234375000001 0.29809722222222224 0.0648359375 0.08665277777777777
0 0.46211718749999997 0.23616666666666666 0.04475 0.07076388888888889
0 0.44671093749999996 0.20244444444444443 0.0469921875 0.05884722222222222
0 0.46902343750000003 0.16355555555555557 0.043421875 0.06677777777777777
0 0.5290625 0.2326111111111111 0.059039062499999996 0.08424999999999999
0 0.2420390625 0.19430555555555556 0.051039062499999996 0.06879166666666667
0 0.0648203125 0.13654166666666667 0.041249999999999995 0.06359722222222222
0 0.0442734375 0.17268055555555556 0.0523828125 0.08029166666666666
2 0.2097734375 0.07008333333333333 0.0231171875 0.05683333333333333
2 0.23376562500000003 0.09468055555555556 0.01440625 0.048916666666666664
2 0.19816406250000002 0.11234722222222222 0.0231171875 0.04851388888888889
2 0.183328125 0.13059722222222223 0.022453124999999997 0.050111111111111106
2 0.13165625 0.27466666666666667 0.0418828125 0.08588888888888889
2 0.142828125 0.7338749999999999 0.078515625 0.18611111111111112
0 0.48520312499999996 0.8900833333333333 0.15523437499999998 0.21984722222222222
0 0.0252265625 0.3346111111111111 0.05044531249999999 0.13668055555555556