0 0.0239609375 0.25479166666666664 0.0479140625 0.10659722222222222
0 0.02275 0.1635 0.043710937500000005 0.076375
0 0.2671484375 0.049624999999999996 0.032953125 0.04693055555555555
0 0.2366875 0.1250138888888889 0.0492578125 0.08980555555555556
1 0.19953125 0.059555555555555556 0.0468203125 0.09375
0 0.673359375 0.5336527777777778 0.10788281250000001 0.14904166666666668
0 0.9068203125000001 0.5010972222222223 0.131953125 0.16333333333333333
0 0.6177890625 0.4330416666666667 0.08870312500000001 0.16608333333333333
0 0.7554765625 0.4965694444444444 0.08645312499999999 0.13748611111111111
0 0.7443125 0.3649861111111111 0.085578125 0.14340277777777777
0 0.647234375 0.2687361111111111 0.0619296875 0.07551388888888888
0 0.627375 0.3133888888888889 0.0695234375 0.10052777777777777
0 0.66075 0.3729166666666667 0.07934375 0.10743055555555554
0 0.5745859375 0.21120833333333333 0.05903125 0.089
0 0.484875 0.173875 0.0474375 0.06198611111111112
2 0.8790390625000001 0.5520972222222222 0.0375625 0.12479166666666666
2 0.8489140624999999 0.5739444444444445 0.03609375 0.12559722222222222
2 0.8173281250000001 0.5945694444444444 0.047921875 0.13791666666666666
2 0.928703125 0.6346388888888889 0.0581953125 0.1418611111111111
0 0.43298437500000003 0.11593055555555555 0.036953124999999996 0.05086111111111111
0 0.44592968749999995 0.19866666666666666 0.044734375 0.07888888888888888
0 0.5903515625 0.7396111111111111 0.2783203125 0.2586805555555556
0 0.3926953125 0.07008333333333333 0.026023437500000003 0.04015277777777778
0 0.4332109375 0.15759722222222222 0.0373984375 0.050888888888888886
0 0.39225 0.12444444444444444 0.028437499999999998 0.04555555555555555
0 0.8356484375000001 0.8861111111111111 0.3157578125 0.22777777777777777