0 0.023953125 0.19444444444444445 0.0479140625 0.10659722222222222
0 0.021859375 0.11904166666666666 0.043710937500000005 0.076375
0 0.23490625 0.08691666666666667 0.0492578125 0.08980555555555556
1 0.201765625 0.042888888888888886 0.0459296875 0.07945833333333334
0 0.673359375 0.5336527777777778 0.10788281250000001 0.14904166666666668
0 0.914859375 0.5217361111111111 0.131953125 0.16333333333333333
0 0.6177890625 0.4330416666666667 0.08870312500000001 0.16608333333333333
0 0.771109375 0.5235694444444445 0.094484375 0.15019444444444444
0 0.7733203125 0.3983333333333334 0.093609375 0.14975
0 0.6842734375 0.29809722222222224 0.0628203125 0.086625
0 0.6523671875 0.34831944444444446 0.0695234375 0.10052777777777777
0 0.6982421875 0.4221388888888889 0.07934375 0.10743055555555554
0 0.610296875 0.24295833333333333 0.05903125 0.089
0 0.5129921875 0.20961111111111108 0.057257812500000005 0.07627777777777778
2 0.9004609374999999 0.5711527777777778 0.0375625 0.12479166666666666
2 0.8739062499999999 0.6056944444444444 0.03609375 0.12559722222222222
2 0.8405390625000001 0.6358472222222222 0.047921875 0.13791666666666666
2 0.934953125 0.64575 0.0581953125 0.1418611111111111
0 0.4521796875 0.13658333333333333 0.043203124999999995 0.06991666666666667
0 0.4736015625 0.23756944444444447 0.055445312499999996 0.0963611111111111
0 0.29040625000000003 0.5903611111111111 0.1926171875 0.16659722222222223
0 0.407421875 0.09627777777777777 0.037625 0.057625
0 0.4434765625 0.180625 0.0436484375 0.062
0 0.40296875 0.14031944444444444 0.032007812499999996 0.05508333333333333
0 0.2848515625 0.7495555555555555 0.2300625 0.20554166666666668
0 0.688640625 0.8120972222222222 0.3423984375 0.29324999999999996