0 0.023953125 0.18968055555555555 0.0479140625 0.10659722222222222
0 0.23490625 0.08691666666666667 0.0492578125 0.08980555555555556
1 0.201765625 0.042888888888888886 0.0459296875 0.07945833333333334
0 0.673359375 0.5336527777777778 0.10788281250000001 0.14904166666666668
0 0.914859375 0.5217361111111111 0.131953125 0.16333333333333333
0 0.6177890625 0.4330416666666667 0.08870312500000001 0.16608333333333333
0 0.7818203125000001 0.5410416666666666 0.094484375 0.15019444444444444
0 0.7733203125 0.3983333333333334 0.093609375 0.14975
0 0.6842734375 0.29809722222222224 0.0628203125 0.086625
0 0.6523671875 0.34831944444444446 0.0695234375 0.10052777777777777
0 0.6982421875 0.4221388888888889 0.07934375 0.10743055555555554
0 0.610296875 0.24295833333333333 0.05903125 0.089
0 0.5201328125 0.21437499999999998 0.057257812500000005 0.07627777777777778
2 0.909390625 0.588625 0.0375625 0.12479166666666666
2 0.8846171875 0.6184027777777777 0.03609375 0.12559722222222222
2 0.8592890625 0.6533194444444445 0.047921875 0.13791666666666666
2 0.941203125 0.6648055555555555 0.0581953125 0.1418611111111111
0 0.454859375 0.14293055555555556 0.043203124999999995 0.06991666666666667
0 0.4869921875 0.25504166666666667 0.055445312499999996 0.0963611111111111
0 0.23059375000000001 0.5594027777777778 0.15333593750000002 0.16183333333333333
0 0.4145625 0.09945833333333333 0.037625 0.057625
0 0.4497265625 0.18856944444444446 0.0436484375 0.062
0 0.4065390625 0.14666666666666667 0.032007812499999996 0.05508333333333333
0 0.16299999999999998 0.68525 0.19703125 0.21030555555555555
0 0.5217031249999999 0.747 0.28347656250000003 0.26784722222222224
2 0.215375 0.9257916666666668 0.0875625 0.14841666666666667