0 0.23690625 0.3889861111111111 0.0738125 0.14622222222222223
0 0.3354453125 0.4485138888888889 0.0784765625 0.13831944444444444
0 0.3526328125 0.34470833333333334 0.06375 0.10455555555555555
0 0.23378125 0.7624583333333333 0.121125 0.21468055555555554
0 0.8336171875 0.5665972222222222 0.1283984375 0.16570833333333335
0 0.6162265625 0.4576388888888889 0.093609375 0.15179166666666669
0 0.6934453125 0.4040694444444445 0.0891328125 0.11922222222222223
0 0.617 0.3103888888888889 0.075984375 0.10333333333333335
0 0.5847578125 0.3713194444444445 0.072640625 0.08627777777777777
0 0.5011640625 0.29015277777777776 0.0648359375 0.08665277777777777
0 0.46568750000000003 0.23616666666666666 0.04475 0.07076388888888889
0 0.44671093749999996 0.20244444444444443 0.0469921875 0.05884722222222222
0 0.4583125 0.15084722222222222 0.043421875 0.06677777777777777
0 0.5174609375 0.2199027777777778 0.059039062499999996 0.08424999999999999
0 0.2420390625 0.21494444444444444 0.051039062499999996 0.06879166666666667
0 0.07553125000000001 0.13972222222222222 0.041249999999999995 0.06359722222222222
0 0.047843750000000004 0.18855555555555553 0.0523828125 0.08029166666666666
0 0.0151796875 0.1151388888888889 0.030359375 0.07470833333333333
2 0.20709375 0.07643055555555556 0.0231171875 0.05683333333333333
2 0.23912499999999998 0.10420833333333333 0.01440625 0.048916666666666664
2 0.19727343749999998 0.121875 0.0231171875 0.04851388888888889
2 0.177078125 0.14488888888888887 0.022453124999999997 0.050111111111111106
2 0.1289765625 0.2937222222222222 0.0418828125 0.08588888888888889
0 0.011609375 0.2619861111111111 0.0214296875 0.11444444444444445
2 0.1410390625 0.9069444444444444 0.078515625 0.18611111111111112