0 0.19275 0.11625 0.05046874999999999 0.09715277777777778
0 0.1369609375 0.24345833333333333 0.06384375 0.10701388888888888
0 0.037609375 0.3383333333333333 0.07521875 0.19280555555555554
0 0.5039453125 0.28622222222222227 0.073296875 0.11679166666666667
1 0.582421875 0.7079166666666666 0.83515625 0.5841805555555556
0 0.49012500000000003 0.12306944444444444 0.038046875 0.05880555555555556
0 0.26871875 0.058569444444444445 0.045156249999999995 0.06080555555555556
2 0.41803125 0.11174999999999999 0.0141875 0.05604166666666667
2 0.45541406249999994 0.13636111111111113 0.010828125 0.04176388888888889
2 0.46010156249999995 0.09170833333333334 0.015742187499999998 0.035791666666666666
0 0.39079687500000004 0.11275 0.031156250000000003 0.06993055555555555