0 0.20477343750000002 0.07358333333333333 0.0381796875 0.08791666666666666
0 0.27630468750000003 0.06879166666666667 0.039640625 0.04984722222222222
0 0.2411484375 0.042680555555555555 0.0313984375 0.044972222222222226
0 0.7179765625 0.44063888888888886 0.104359375 0.15405555555555556
0 0.021875 0.2984861111111111 0.04375 0.10095833333333333
0 0.2911484375 0.12775 0.04878125 0.06534722222222222
2 0.1970703125 0.26109722222222226 0.03665625 0.09077777777777778
2 0.15042968750000002 0.24583333333333332 0.0312421875 0.08
0 0.1534375 0.1928888888888889 0.053351562500000005 0.07158333333333333
0 0.31358593749999997 0.21668055555555554 0.058382812500000006 0.0963611111111111
0 0.249734375 0.23094444444444445 0.058867187499999994 0.086875
2 0.1191875 0.3589583333333333 0.04375 0.11981944444444444
0 0.3530859375 0.50525 0.10992968750000001 0.1797361111111111