0 0.19271875 0.13233333333333333 0.046218749999999996 0.09744444444444444
0 0.286125 0.11961111111111111 0.039640625 0.06255555555555556
0 0.2416015625 0.07126388888888889 0.0322890625 0.0545
0 0.2885703125 0.03273611111111111 0.0293828125 0.052083333333333336
0 0.51890625 0.1953333333333333 0.0615078125 0.08261111111111111
2 0.2036484375 0.06568055555555555 0.020703125 0.06241666666666666
0 0.036601562500000004 0.1468611111111111 0.0410703125 0.08031944444444444
0 0.3228359375 0.25954166666666667 0.056820312500000004 0.10344444444444445
2 0.176984375 0.48973611111111115 0.055406250000000004 0.151125
2 0.0973125 0.4205 0.05178125 0.12763888888888889
0 0.0619375 0.292125 0.07388281249999999 0.10175000000000001
0 0.37740625 0.5016944444444444 0.10390625 0.1868611111111111
0 0.2617890625 0.6874305555555555 0.10974999999999999 0.19008333333333335
2 0.024109375 0.898013888888889 0.0482109375 0.20397222222222225