0 0.23669531250000003 0.05991666666666667 0.0492578125 0.08980555555555556
0 0.673359375 0.5336527777777778 0.10788281250000001 0.14904166666666668
0 0.944734375 0.57175 0.11053125 0.15538888888888888
0 0.6151093750000001 0.4314583333333333 0.08870312500000001 0.16608333333333333
0 0.8251171875000001 0.5926388888888888 0.10787500000000001 0.16130555555555556
0 0.8139296874999999 0.4285 0.1105703125 0.17198611111111112
0 0.7146250000000001 0.32031944444444443 0.0681796875 0.1025
0 0.6653125 0.36420833333333336 0.0757734375 0.11005555555555555
0 0.7259218749999999 0.44754166666666667 0.093625 0.12965277777777778
0 0.643328125 0.2683611111111111 0.0733125 0.09534722222222224
0 0.546015625 0.24930555555555556 0.057257812500000005 0.07627777777777778
2 0.9631718749999999 0.646986111111111 0.050375 0.14147222222222222
2 0.93159375 0.7215972222222221 0.060421875 0.17602777777777778
2 0.976703125 0.8021527777777777 0.0465859375 0.19108333333333336
0 0.47985156250000005 0.16675 0.043203124999999995 0.06991666666666667
0 0.5160078125 0.2987083333333333 0.0688359375 0.11383333333333333
0 0.1355234375 0.46493055555555557 0.111375 0.15072222222222223
0 0.4359921875 0.11693055555555555 0.037625 0.057625
0 0.46311718749999997 0.21 0.0436484375 0.07629166666666666
0 0.41725781250000005 0.159375 0.037367187499999996 0.05508333333333333
0 0.20434375 0.5890138888888888 0.1647421875 0.1805138888888889
2 0.2274296875 0.6971388888888889 0.074171875 0.18334722222222222