0 0.029445312499999998 0.19212500000000002 0.04415625 0.08266666666666667
0 0.0538828125 0.3330138888888889 0.07384375 0.12477777777777778
0 0.24784375 0.35643055555555553 0.0680078125 0.11287499999999999
0 0.338578125 0.29075 0.0633046875 0.095
0 0.2393671875 0.22565277777777779 0.056398437499999995 0.09180555555555554
0 0.2944921875 0.16493055555555555 0.0514765625 0.07352777777777778
0 0.285453125 0.11055555555555555 0.03028125 0.04890277777777778
0 0.2787578125 0.07602777777777778 0.0258125 0.035402777777777776
0 0.2342265625 0.07722222222222222 0.0238125 0.03936111111111111
0 0.24070312500000002 0.14508333333333331 0.039125 0.06141666666666667
0 0.1792109375 0.14033333333333334 0.0392265625 0.07193055555555555
0 0.24304687500000002 0.11095833333333334 0.027609375000000002 0.03858333333333334
0 0.4747265625 0.16911111111111113 0.0409609375 0.06201388888888889
0 0.53453125 0.22366666666666665 0.051664062499999996 0.07670833333333332
0 0.5913359375 0.2979027777777778 0.066609375 0.09974999999999999
0 0.6878671875 0.40227777777777773 0.08065625 0.11009722222222222
0 0.669234375 0.5163888888888889 0.1072265625 0.1645
0 0.7724609375 0.5060694444444445 0.095375 0.13116666666666665
0 0.9376093750000001 0.7418194444444445 0.1247734375 0.21854166666666666
2 0.65059375 0.28856944444444443 0.0266484375 0.08981944444444445
2 0.8013671875 0.44237499999999996 0.0339921875 0.09661111111111112
0 0.3963828125 0.12365277777777778 0.0333828125 0.0639861111111111