0 0.2021015625 0.08151388888888889 0.043539062499999996 0.09744444444444444
0 0.27630468750000003 0.0751388888888889 0.039640625 0.06255555555555556
0 0.24070312500000002 0.04744444444444444 0.0322890625 0.0545
0 0.6572734375 0.3620416666666667 0.0793671875 0.12070833333333333
0 0.0205390625 0.11033333333333332 0.0410703125 0.08031944444444444
0 0.2973984375 0.15156944444444445 0.04878125 0.08122222222222222
2 0.19439062499999998 0.29365277777777776 0.0455859375 0.10506944444444445
2 0.14150000000000001 0.273625 0.03303125 0.10381944444444445
0 0.143171875 0.20638888888888887 0.063171875 0.07634722222222222
0 0.3216171875 0.25240277777777775 0.061953125 0.10430555555555555
0 0.25553906249999997 0.27858333333333335 0.0686875 0.09640277777777777
2 0.102671875 0.42644444444444446 0.0482109375 0.15633333333333332
0 0.38879687500000004 0.6537083333333333 0.134921875 0.24483333333333335