0 0.0386953125 0.10359722222222223 0.041703125 0.06602777777777778
0 0.24114062500000003 0.17383333333333334 0.051046875000000005 0.07476388888888888
0 0.2903828125 0.11370833333333334 0.04009375 0.05530555555555556
0 0.2416015625 0.15816666666666665 0.0519296875 0.06480555555555555
0 0.2797578125 0.09584722222222222 0.0380859375 0.06241666666666666
0 0.277859375 0.06688888888888889 0.0347421875 0.050486111111111114
0 0.2386875 0.05022222222222222 0.0238125 0.03936111111111111
0 0.24070312500000002 0.1212638888888889 0.039125 0.06141666666666667
0 0.20152343749999999 0.049805555555555554 0.0303046875 0.04652777777777778
0 0.23767968750000001 0.07522222222222222 0.032968750000000005 0.049694444444444444
0 0.5711484375 0.28581944444444446 0.0731015625 0.11122222222222222
0 0.6510390625 0.34275 0.0846953125 0.13069444444444445
0 0.7381953125 0.4598472222222222 0.1067890625 0.16959722222222223
0 0.8436484375 0.5769305555555555 0.12261718749999999 0.16090277777777778
0 0.9523125 0.7537638888888889 0.095375 0.20102777777777778
0 0.5048515625000001 0.30548611111111107 0.06819531250000001 0.11320833333333334
0 0.29415625 0.036333333333333336 0.026703125 0.04094444444444444
2 0.13380468750000002 0.2369166666666667 0.0265546875 0.06530555555555556
2 0.143828125 0.26429166666666665 0.025703125 0.058472222222222224
0 0.152453125 0.3312083333333333 0.065640625 0.1055138888888889
0 0.0119453125 0.1415 0.0203125 0.06459722222222222
0 0.3206015625 0.274625 0.0599375 0.09072222222222222
0 0.03984375 0.5284722222222222 0.0796796875 0.1570138888888889