0 0.258671875 0.05554166666666667 0.0284921875 0.04147222222222222
0 0.2807734375 0.043819444444444446 0.0307109375 0.04897222222222222
0 0.231984375 0.10829166666666666 0.0407890625 0.06225
0 0.8071484375000001 0.7387222222222222 0.1581328125 0.2088888888888889
0 0.63553125 0.47475 0.10323437499999999 0.181125
0 0.9640078125 0.7899444444444444 0.071984375 0.20491666666666666
2 0.20800000000000002 0.07570833333333334 0.0231640625 0.05748611111111111
0 0.2892734375 0.12161111111111111 0.0400859375 0.0642361111111111
2 0.19037500000000002 0.08984722222222222 0.01878125 0.04583333333333333
0 0.7167578125 0.350125 0.0889453125 0.13897222222222222
0 0.2409453125 0.15195833333333333 0.0470234375 0.06379166666666666
1 0.1636015625 0.18851388888888887 0.077234375 0.14634722222222224
0 0.30744531249999996 0.18668055555555554 0.050578124999999995 0.07059722222222221
1 0.1224140625 0.3907222222222222 0.12342187499999999 0.304
0 0.91840625 0.554138888888889 0.11773437499999999 0.19379166666666667
0 0.2493046875 0.2355277777777778 0.0527578125 0.08727777777777779
0 0.32275 0.27002777777777776 0.059281249999999994 0.09126388888888888
0 0.24962499999999999 0.32422222222222224 0.07425781249999999 0.1066388888888889
0 0.48420312499999996 0.16991666666666666 0.0498671875 0.07073611111111111
0 0.37517187500000004 0.5060277777777777 0.091859375 0.1845277777777778
0 0.260109375 0.5239166666666667 0.11576562500000001 0.23766666666666666
0 0.3956015625 0.108375 0.037367187499999996 0.07311111111111111
0 0.03303125 0.6330277777777777 0.06607031249999999 0.19501388888888888
0 0.0174140625 0.16454166666666667 0.0348203125 0.09416666666666666
0 0.451953125 0.8722222222222222 0.15121875 0.25555555555555554