0 0.05925781249999999 0.3611666666666667 0.0791640625 0.12881944444444443
0 0.02275 0.23893055555555556 0.0455 0.09066666666666667
0 0.27384375 0.09644444444444444 0.049921875 0.07075
0 0.23667968749999999 0.17504166666666668 0.05996875 0.11680555555555555
1 0.1950625 0.0905138888888889 0.0557421875 0.12073611111111113
0 0.0115859375 0.1313888888888889 0.023171875 0.06122222222222222
0 0.6760390625 0.5352361111111111 0.10788281250000001 0.14904166666666668
0 0.0360859375 0.5062222222222222 0.072171875 0.1721388888888889
0 0.902359375 0.510625 0.1123125 0.16015277777777778
0 0.6168984375 0.4330416666666667 0.08870312500000001 0.16608333333333333
0 0.7197734375 0.44893055555555555 0.08645312499999999 0.13748611111111111
0 0.6889765625 0.3237083333333333 0.085578125 0.14340277777777777
0 0.5994765625 0.2234861111111111 0.05746875 0.06122222222222222
0 0.5827421875 0.27288888888888885 0.058812500000000004 0.09258333333333332
0 0.6112031250000001 0.331625 0.0677421875 0.08520833333333333
0 0.5196875000000001 0.1603888888888889 0.043859375 0.06676388888888889
0 0.45139843749999997 0.1421111111111111 0.042976562499999996 0.06198611111111112
2 0.8491328125000001 0.5163888888888889 0.036671875 0.10731944444444444
2 0.82659375 0.5421805555555556 0.03609375 0.12559722222222222
2 0.803046875 0.5699583333333333 0.047921875 0.12044444444444444
2 0.909953125 0.6203472222222222 0.0581953125 0.1418611111111111
0 0.4075390625 0.08258333333333333 0.032492187500000005 0.04451388888888889
0 0.41378906249999997 0.16055555555555553 0.044734375 0.07888888888888888