0 0.20477343750000002 0.04659722222222222 0.036390624999999996 0.07520833333333334
0 0.2834453125 0.07672222222222222 0.039640625 0.04984722222222222
0 0.03615625 0.18256944444444442 0.050890625 0.11366666666666667
2 0.19305468750000002 0.18805555555555556 0.0321953125 0.09077777777777778
2 0.162484375 0.17201388888888888 0.02678125 0.06570833333333334
0 0.1779921875 0.15954166666666666 0.038171875 0.06205555555555556
0 0.2917109375 0.13093055555555555 0.055703125 0.08365277777777777
0 0.24214843749999998 0.12536111111111112 0.0508359375 0.07576388888888888
2 0.1482109375 0.2303472222222222 0.0321484375 0.08805555555555555
0 0.297734375 0.24169444444444446 0.05815625 0.1098611111111111
0 0.3608984375 0.44112500000000004 0.0793515625 0.13968055555555556
2 0.164921875 0.42068055555555556 0.066015625 0.1495