0 0.23512499999999997 0.22306944444444446 0.0523828125 0.097
0 0.2975078125 0.2698888888888889 0.0508046875 0.08275
0 0.32228124999999996 0.21927777777777777 0.044101562500000004 0.07279166666666666
0 0.2324375 0.4171111111111111 0.0738125 0.13052777777777777
0 0.709078125 0.5917916666666666 0.11860156250000001 0.1756111111111111
0 0.8036953125 0.5429999999999999 0.10609375000000001 0.1493888888888889
0 0.6955546874999999 0.41041666666666665 0.10098437499999999 0.12556944444444443
0 0.656609375 0.46420833333333333 0.1074609375 0.12597222222222224
0 0.530625 0.33620833333333333 0.06840625 0.09936111111111112
0 0.4719375 0.2536388888888889 0.04475 0.07076388888888889
0 0.45385156249999997 0.19926388888888888 0.0469921875 0.05884722222222222
0 0.5083046875 0.21277777777777776 0.0541328125 0.08265277777777777
0 0.5790546875 0.285 0.059039062499999996 0.08424999999999999
0 0.24070312500000002 0.13952777777777778 0.04121875 0.0545
0 0.021968750000000002 0.11430555555555555 0.0430390625 0.07947222222222222
2 0.23298437500000002 0.06690277777777778 0.0231171875 0.05683333333333333
2 0.1949375 0.09565277777777778 0.022453124999999997 0.050111111111111106
2 0.15396875000000002 0.20877777777777776 0.0365234375 0.07159722222222221
2 0.1557734375 0.4488611111111111 0.052625 0.13052777777777777
0 0.4088828125 0.5860277777777778 0.0954296875 0.16744444444444445
0 0.033703125 0.22505555555555554 0.053117187499999996 0.10809722222222222
0 0.48767187500000003 0.08833333333333333 0.03828125 0.04570833333333333
2 0.062703125 0.4740972222222223 0.0544921875 0.16333333333333333
0 0.4270703125 0.07384722222222223 0.0344921875 0.043722222222222225
0 0.261453125 0.8640555555555556 0.1452265625 0.24319444444444444
1 0.0609375 0.8117083333333333 0.121875 0.3765833333333333