0 0.6699843750000001 0.5220138888888889 0.10007812499999999 0.16283333333333333
1 0.170453125 0.15933333333333333 0.080828125 0.16341666666666665
0 0.89275 0.508875 0.1058828125 0.15406944444444445
2 0.7197734375 0.47376388888888893 0.0427578125 0.116375
2 0.8160703125 0.5166388888888889 0.0483125 0.106875
2 0.9341250000000001 0.46401388888888884 0.026460937499999997 0.10088888888888889
0 0.602828125 0.41441666666666666 0.087390625 0.16202777777777777
0 0.3085703125 0.22241666666666665 0.059843749999999994 0.10147222222222223
2 0.707828125 0.3538888888888889 0.0434140625 0.10765277777777779
0 0.031148437499999997 0.2735972222222222 0.05871875 0.13245833333333334
0 0.5724843749999999 0.21654166666666666 0.0641796875 0.11001388888888888
0 0.5011640625 0.22629166666666667 0.0469921875 0.08581944444444445
0 0.5493671875 0.3302777777777778 0.0654921875 0.11105555555555555
0 0.6288203125 0.337625 0.0672890625 0.10351388888888889
2 0.7425390625 0.4007222222222222 0.035828125 0.09416666666666666
0 0.2505625 0.35818055555555556 0.10091406249999998 0.17451388888888889
0 0.1130859375 0.5354027777777778 0.1526796875 0.2115
0 0.5007109375 0.10004166666666667 0.03940625 0.046875
0 0.5557578125 0.7547083333333333 0.2850234375 0.2864861111111111
0 0.43899999999999995 0.08316666666666667 0.026234374999999997 0.05126388888888889
0 0.402625 0.08497222222222223 0.025796875000000004 0.044527777777777784
0 0.48599218750000006 0.166125 0.046984375 0.06161111111111111
0 0.543359375 0.12781944444444446 0.0436328125 0.062