0 0.023953125 0.2119166666666667 0.0479140625 0.10659722222222222
0 0.02275 0.15238888888888888 0.043710937500000005 0.076375
0 0.235796875 0.10913888888888888 0.0492578125 0.08980555555555556
1 0.2013203125 0.05002777777777778 0.0468203125 0.09375
0 0.673359375 0.5336527777777778 0.10788281250000001 0.14904166666666668
0 0.914859375 0.5217361111111111 0.131953125 0.16333333333333333
0 0.6177890625 0.4330416666666667 0.08870312500000001 0.16608333333333333
0 0.762625 0.5140416666666667 0.08645312499999999 0.13748611111111111
0 0.7661796875 0.38880555555555557 0.093609375 0.14975
0 0.6699921875 0.29175 0.0628203125 0.086625
0 0.6443359375 0.33402777777777776 0.0695234375 0.10052777777777777
0 0.6839609375 0.40308333333333335 0.07934375 0.10743055555555554
0 0.5933359375 0.23184722222222223 0.05903125 0.089
0 0.5027265625 0.19452777777777777 0.0474375 0.06198611111111112
2 0.8951015625000001 0.5695694444444445 0.0375625 0.12479166666666666
2 0.8631953125 0.5850555555555556 0.03609375 0.12559722222222222
2 0.8333984375 0.613625 0.047921875 0.13791666666666666
2 0.9322734374999999 0.64575 0.0581953125 0.1418611111111111
0 0.44816406249999996 0.123875 0.036953124999999996 0.05086111111111111
0 0.462890625 0.2224861111111111 0.044734375 0.07888888888888888
0 0.3618203125 0.6205277777777778 0.21582812499999998 0.20152777777777778
0 0.40296093749999995 0.08675000000000001 0.037625 0.057625
0 0.43589062500000003 0.167125 0.0373984375 0.050888888888888886
0 0.4011796875 0.13555555555555554 0.028437499999999998 0.04555555555555555
0 0.44017968749999997 0.8027500000000001 0.2818359375 0.2293611111111111
0 0.8555781250000001 0.8573472222222221 0.2888359375 0.28531944444444446