0 0.031546875 0.30480555555555555 0.06309375 0.11770833333333333
0 0.02275 0.19605555555555554 0.0455 0.09066666666666667
0 0.27160937500000004 0.06866666666666667 0.043671875 0.06280555555555556
0 0.23757812500000003 0.14327777777777778 0.0492578125 0.10727777777777778
1 0.19729687499999998 0.06511111111111112 0.05128125 0.10486111111111111
0 0.679609375 0.5352361111111111 0.10788281250000001 0.14904166666666668
0 0.9090546875 0.5074444444444445 0.098921875 0.15380555555555556
0 0.6177890625 0.4330416666666667 0.08870312500000001 0.16608333333333333
0 0.7349453125000001 0.4711666666666667 0.08645312499999999 0.13748611111111111
0 0.714859375 0.33958333333333335 0.085578125 0.14340277777777777
0 0.6275937500000001 0.24809722222222222 0.0619296875 0.07551388888888888
0 0.6077421875 0.3054444444444444 0.0695234375 0.10052777777777777
0 0.641109375 0.36020833333333335 0.07934375 0.10743055555555554
0 0.547359375 0.1778611111111111 0.0474296875 0.06994444444444445
0 0.46925 0.16434722222222223 0.042976562499999996 0.06198611111111112
2 0.8647578125000001 0.5394027777777778 0.0375625 0.12479166666666666
2 0.83909375 0.561236111111111 0.03609375 0.12559722222222222
2 0.8137578124999999 0.5890138888888888 0.047921875 0.12044444444444444
2 0.9251328125 0.6346388888888889 0.0581953125 0.1418611111111111
0 0.423609375 0.10322222222222222 0.032492187500000005 0.04451388888888889
0 0.431640625 0.17325 0.044734375 0.07888888888888888
0 0.8612890625 0.8325 0.27742187500000004 0.2888472222222222
0 0.3793046875 0.05420833333333334 0.026023437500000003 0.04015277777777778