0 0.1994375 0.051930555555555556 0.0424375 0.08286111111111111
0 0.0740078125 0.13627777777777778 0.050453125 0.08319444444444445
0 0.02421875 0.2081388888888889 0.0484296875 0.15469444444444444
0 0.61553125 0.4585 0.10007812499999999 0.16283333333333333
1 0.18785156249999999 0.41576388888888893 0.19954687499999998 0.3872916666666667
0 0.6061875 0.2421388888888889 0.055898437499999995 0.08738888888888889
2 0.501953125 0.2086111111111111 0.0141875 0.05604166666666667
2 0.55228125 0.2435277777777778 0.0224296875 0.05923611111111111
2 0.5676796875 0.17744444444444446 0.018421874999999997 0.04531944444444445
0 0.458203125 0.2095972222222222 0.046328125 0.09216666666666666
0 0.5781796875 0.6233333333333333 0.22052343749999997 0.17608333333333334
2 0.670671875 0.3115972222222222 0.034703125 0.08108333333333334
2 0.502953125 0.15063888888888888 0.02109375 0.066375
0 0.548390625 0.7832777777777779 0.256890625 0.20233333333333334
0 0.44839062500000004 0.08873611111111111 0.0320390625 0.057611111111111106
0 0.4145625 0.09926388888888889 0.032710937499999995 0.04770833333333334
0 0.4221640625 0.15083333333333332 0.037820312499999995 0.044361111111111115
0 0.45385937500000006 0.139125 0.0369296875 0.04
2 0.523828125 0.1776388888888889 0.0197578125 0.06081944444444444