0 0.23757812500000003 0.09383333333333334 0.03496875 0.04734722222222223
0 0.23846875 0.06094444444444445 0.034664062499999995 0.04554166666666667
0 0.704609375 0.42158333333333337 0.0918515625 0.15409722222222222
0 0.8045781249999999 0.5205972222222222 0.12040625 0.18150000000000002
2 0.1784296875 0.10037499999999999 0.022984375 0.04943055555555556
2 0.20139843750000003 0.0761388888888889 0.0176640625 0.041
0 0.2015546875 0.11290277777777778 0.0335078125 0.04993055555555556
0 0.0164140625 0.12483333333333332 0.0310234375 0.056652777777777774
0 0.2737421875 0.06741666666666667 0.02334375 0.03830555555555555
0 0.10099218750000001 0.13154166666666667 0.0484375 0.06809722222222223
0 0.2965 0.15433333333333335 0.0492265625 0.07327777777777778
2 0.144046875 0.2351111111111111 0.036875000000000005 0.09441666666666668
0 0.050109375 0.14681944444444445 0.041296875 0.06497222222222222
0 0.25486718750000004 0.32780555555555557 0.06821875 0.10345833333333333
0 0.40084375000000005 0.05638888888888889 0.028476562500000004 0.048486111111111105