0 0.869515625 0.8045972222222222 0.195828125 0.32487499999999997
0 0.955203125 0.5775138888888889 0.0896015625 0.1564861111111111
0 0.82734375 0.5460138888888889 0.1427265625 0.16880555555555557
0 0.8071328125000001 0.4239583333333333 0.10099218750000001 0.12075
0 0.6665390625 0.3842777777777778 0.075109375 0.1302638888888889
0 0.5932265625 0.29454166666666665 0.068203125 0.09372222222222223
0 0.563328125 0.38127777777777777 0.0688359375 0.11383333333333333
0 0.1056171875 0.2180416666666667 0.0604921875 0.09195833333333332
0 0.5310703125 0.23919444444444443 0.05815625 0.0798611111111111
0 0.5398984375 0.3005138888888889 0.05792968750000001 0.08263888888888889
0 0.478421875 0.2506527777777778 0.0525390625 0.08844444444444445
0 0.0430859375 0.18570833333333334 0.0486796875 0.08841666666666666
2 0.1912734375 0.1453888888888889 0.0268515625 0.06425
0 0.422265625 0.16672222222222224 0.0491953125 0.07469444444444445
2 0.2060234375 0.1793472222222222 0.0290859375 0.06943055555555556
2 0.2548828125 0.212875 0.0284921875 0.08491666666666667
2 0.187796875 0.2603055555555555 0.038109375 0.09554166666666668
0 0.07957031249999999 0.36194444444444446 0.0770078125 0.1297361111111111
0 0.44213281249999997 0.20225 0.038492187500000004 0.06241666666666666
0 0.6994687500000001 0.5545 0.107265625 0.17525000000000002
0 0.2582265625 0.4609583333333333 0.0833984375 0.15715277777777778
0 0.4555234375 0.14293055555555556 0.0414140625 0.06043055555555555
2 0.13434375 0.2881388888888889 0.037984375 0.08594444444444445
0 0.41111718750000004 0.104625 0.027578125 0.03698611111111111
2 0.06707031249999999 0.5574444444444444 0.053796875 0.14670833333333333
0 0.244375 0.8164444444444445 0.1646484375 0.2909027777777778
0 0.44904687499999996 0.8081111111111111 0.14452343750000002 0.2567638888888889