0 0.20031249999999998 0.09422222222222222 0.043539062499999996 0.09744444444444444
0 0.2816640625 0.09261111111111112 0.039640625 0.06255555555555556
0 0.24249218749999998 0.05538888888888889 0.0322890625 0.0545
0 0.571578125 0.2524861111111111 0.063296875 0.0921388888888889
0 0.025890625 0.1135138888888889 0.0410703125 0.08031944444444444
0 0.31034375000000003 0.18888888888888888 0.051460937500000005 0.10186111111111111
2 0.1908203125 0.3658888888888889 0.05094531249999999 0.12254166666666667
2 0.1214140625 0.34031944444444445 0.0499921875 0.11016666666666666
0 0.10300000000000001 0.2381388888888889 0.06674218750000001 0.09222222222222223
0 0.3421484375 0.33894444444444444 0.076234375 0.13447222222222222
0 0.25553906249999997 0.4087777777777778 0.0793984375 0.1249861111111111
2 0.0749921875 0.5963333333333334 0.0482109375 0.20397222222222225