0 0.9428124999999999 0.5724305555555556 0.11259375 0.16998611111111112
0 0.7598281250000001 0.48588888888888887 0.101 0.15884722222222222
0 0.6485703125 0.3509027777777778 0.0860546875 0.10801388888888888
0 0.586984375 0.4146388888888889 0.0750859375 0.12018055555555555
0 0.0899921875 0.16486111111111112 0.0471015625 0.07131944444444445
0 0.5725781249999999 0.2836666666666667 0.06440625 0.09573611111111112
0 0.5604375 0.33226388888888886 0.05792968750000001 0.08263888888888889
0 0.4936015625 0.27923611111111113 0.0525390625 0.08844444444444445
0 0.02790625 0.12618055555555555 0.0433203125 0.08365277777777777
0 0.43967968749999997 0.19212500000000002 0.0411640625 0.06516666666666666
2 0.208703125 0.10630555555555557 0.0290859375 0.06943055555555556
2 0.2414921875 0.13823611111111112 0.0284921875 0.08491666666666667
2 0.1931640625 0.15629166666666666 0.0345390625 0.07172222222222223
0 0.06216406249999999 0.2293611111111111 0.060046875 0.10591666666666667
0 0.45597656249999996 0.22368055555555558 0.0465234375 0.07352777777777778
0 0.9231562500000001 0.8758611111111111 0.1536875 0.2482916666666667
0 0.2439375 0.27597222222222223 0.0566171875 0.10475
0 0.49167187500000004 0.18977777777777777 0.045875 0.07154166666666667
2 0.1673671875 0.179375 0.025484374999999997 0.05259722222222222
0 0.4441484375 0.1411388888888889 0.040078125 0.059222222222222225
2 0.1094765625 0.35818055555555556 0.04040625 0.10066666666666667
0 0.23634375 0.45523611111111106 0.0843046875 0.16547222222222221
0 0.37585156249999996 0.4468888888888889 0.08560156249999999 0.13768055555555556
0 0.36 0.6114166666666667 0.1025703125 0.1706527777777778