0 0.021984375 0.12319444444444445 0.04396875 0.11181944444444446
0 0.6699843750000001 0.5220138888888889 0.10007812499999999 0.16283333333333333
1 0.1601796875 0.23712499999999997 0.1067109375 0.24915277777777775
0 0.7949921875 0.4231388888888889 0.0960625 0.13183333333333333
2 0.6238046875000001 0.3499305555555555 0.029367187500000003 0.084625
2 0.69734375 0.394375 0.0483125 0.106875
2 0.749328125 0.3274861111111111 0.03003125 0.08501388888888889
0 0.5456875 0.34295833333333337 0.08025 0.1525
0 0.354546875 0.3684861111111111 0.080375 0.13322222222222221
2 0.930890625 0.5084583333333333 0.062375 0.13506944444444444
2 0.6131953125 0.25305555555555553 0.02734375 0.08066666666666666
0 0.0400703125 0.44429166666666664 0.080140625 0.13087500000000002
0 0.5082109375 0.15144444444444446 0.0445390625 0.07190277777777779
0 0.46633593749999996 0.15961111111111112 0.0398515625 0.06041666666666667
0 0.49491406250000003 0.24770833333333334 0.0512109375 0.092
0 0.5408906250000001 0.23995833333333336 0.052109375 0.07016666666666667
2 0.6479140625 0.30306944444444445 0.0322578125 0.079875
0 0.35857031250000004 0.5979305555555555 0.1723359375 0.25072222222222224
0 0.62728125 0.8108888888888889 0.3169375 0.2797638888888889
0 0.440015625 0.06669444444444445 0.03940625 0.046875