0 0.021984375 0.12319444444444445 0.04396875 0.11181944444444446
0 0.664625 0.5140694444444445 0.10007812499999999 0.16283333333333333
1 0.1592890625 0.2514166666666667 0.1067109375 0.24915277777777775
0 0.7784765625000001 0.4009166666666667 0.0916015625 0.1254861111111111
2 0.6077343749999999 0.32611111111111113 0.029367187500000003 0.084625
2 0.6794921875 0.3737361111111111 0.0483125 0.106875
2 0.7149609375 0.3068472222222222 0.0273515625 0.06913888888888889
0 0.5349765625 0.3112083333333333 0.07132031250000001 0.13027777777777777
0 0.367046875 0.40976388888888887 0.080375 0.13322222222222221
2 0.9027734374999999 0.48702777777777784 0.0507734375 0.11443055555555556
2 0.59534375 0.23718055555555556 0.02734375 0.08066666666666666
0 0.05115625 0.49112500000000003 0.09799218750000001 0.13881944444444444
0 0.49839062500000003 0.14033333333333334 0.0445390625 0.07190277777777779
0 0.45473437499999997 0.15484722222222222 0.0398515625 0.06041666666666667
0 0.4824140625 0.235 0.0512109375 0.092
0 0.5266093749999999 0.2224861111111111 0.052109375 0.07016666666666667
2 0.6282734375000001 0.2840138888888889 0.0322578125 0.079875
0 0.41792968750000004 0.6439722222222223 0.24285937500000002 0.29200000000000004
0 0.7995703125 0.8442361111111112 0.3455078125 0.3083472222222222
0 0.4373359375 0.07145833333333333 0.03940625 0.046875