0 0.12532812499999998 0.4228888888888889 0.11139062500000001 0.25305555555555553
0 0.3459375 0.41733333333333333 0.0860625 0.13718055555555556
0 0.24784375 0.1958888888888889 0.048359374999999996 0.07197222222222223
0 0.7658750000000001 0.48604166666666665 0.12461718749999999 0.17759722222222224
0 0.9070546875 0.6444027777777778 0.1648828125 0.222875
0 0.285890625 0.11134722222222222 0.032953125 0.05366666666666667
0 0.423828125 0.07623611111111112 0.032046875 0.04451388888888889
0 0.23690625 0.07722222222222222 0.029171875000000003 0.042541666666666665
0 0.20409375000000002 0.08733333333333333 0.028726562500000004 0.050875000000000004
0 0.23802343750000002 0.043083333333333335 0.026937499999999996 0.03776388888888889
0 0.235796875 0.079 0.031093749999999996 0.03723611111111111
0 0.0551171875 0.08118055555555556 0.0357578125 0.05683333333333333
0 0.0350234375 0.10877777777777776 0.033 0.05248611111111111
0 0.2662578125 0.04209722222222222 0.0293828125 0.049277777777777775
2 0.1648125 0.14904166666666668 0.021593750000000002 0.07352777777777778
0 0.0174140625 0.3000833333333333 0.0348203125 0.10731944444444444