0 0.24003125 0.5683611111111111 0.16396875 0.22249999999999998
0 0.0365859375 0.3977083333333334 0.073171875 0.12876388888888887
0 0.288125 0.153625 0.049921875 0.07075
0 0.24605468749999998 0.275875 0.0697890625 0.13427777777777777
1 0.1847890625 0.11751388888888889 0.060203125 0.14931944444444445
0 0.026546874999999998 0.20522222222222222 0.046390625000000005 0.06916666666666667
0 0.67246875 0.5272916666666666 0.10788281250000001 0.14904166666666668
0 0.531421875 0.771375 0.27749999999999997 0.23881944444444442
0 0.9121796874999999 0.5161805555555555 0.10695312500000001 0.15538888888888888
0 0.6115390625 0.4266944444444445 0.08870312500000001 0.16608333333333333
0 0.6720234375 0.40129166666666666 0.06414062499999999 0.1057361111111111
0 0.567015625 0.35127777777777774 0.0545625 0.10731944444444444
0 0.6148828125 0.24827777777777776 0.0552265625 0.10052777777777777
0 0.66834375 0.17883333333333332 0.05365625 0.06479166666666666
0 0.5718046875 0.14251388888888888 0.039609375 0.051680555555555556
0 0.53296875 0.1599861111111111 0.0422890625 0.051694444444444446
0 0.5282890625000001 0.21415277777777778 0.053453125000000004 0.07670833333333332
0 0.541125 0.26334722222222223 0.057921875 0.06933333333333333
0 0.46567968750000005 0.11751388888888889 0.0340390625 0.05723611111111111
0 0.422828125 0.10241666666666666 0.042976562499999996 0.06198611111111112
2 0.77190625 0.41954166666666665 0.02328125 0.08509722222222223
2 0.7846328125 0.459625 0.030734375 0.08431944444444445
2 0.7798359375 0.541375 0.047921875 0.12044444444444444
2 0.85728125 0.5616111111111112 0.0421328125 0.16091666666666665
0 0.3870078125 0.05241666666666667 0.032492187500000005 0.04451388888888889