0 0.23690625 0.3889861111111111 0.0738125 0.14622222222222223
0 0.34660156249999996 0.5247222222222222 0.08115625 0.1478472222222222
0 0.3660234375 0.4026666666666667 0.070890625 0.1061388888888889
0 0.2342265625 0.8910694444444445 0.13094531250000002 0.21786111111111112
0 0.7943359375 0.5237222222222222 0.1283984375 0.16570833333333335
0 0.9627265625 0.6019166666666667 0.07455468750000001 0.15541666666666668
0 0.6001562500000001 0.4505 0.0703984375 0.14702777777777779
0 0.6720234375 0.38025 0.07128124999999999 0.11287499999999999
0 0.5955781250000001 0.30483333333333335 0.06348437500000001 0.08904166666666667
0 0.5722578125 0.3570277777777778 0.072640625 0.08627777777777777
0 0.5002734375 0.28380555555555553 0.0648359375 0.08665277777777777
0 0.463453125 0.22902777777777777 0.0402890625 0.056472222222222215
0 0.44447656249999995 0.19449999999999998 0.04253125 0.042972222222222224
0 0.4516171875 0.14131944444444444 0.03003125 0.04772222222222222
0 0.5018359375 0.19370833333333334 0.03671875 0.057263888888888885
0 0.24784375 0.24034722222222224 0.046578125 0.059263888888888894
0 0.0844609375 0.15719444444444444 0.041249999999999995 0.06359722222222222
0 0.0576640625 0.20126388888888888 0.0523828125 0.08029166666666666
0 0.0151796875 0.1151388888888889 0.030359375 0.07470833333333333
2 0.20709375 0.07643055555555556 0.0231171875 0.05683333333333333
2 0.2373359375 0.11215277777777778 0.01440625 0.048916666666666664
2 0.193703125 0.12981944444444443 0.0231171875 0.04851388888888889
2 0.1743984375 0.15441666666666667 0.022453124999999997 0.050111111111111106
2 0.1227265625 0.32706944444444447 0.0418828125 0.08588888888888889
0 0.0107109375 0.2619861111111111 0.0214296875 0.11444444444444445