2 0.2033203125 0.10072222222222221 0.029515625 0.065375
2 0.1848046875 0.1021388888888889 0.02678125 0.06570833333333334
0 0.23156249999999998 0.07697222222222222 0.038171875 0.06205555555555556
0 0.2917109375 0.044375 0.032492187500000005 0.056652777777777774
0 0.27184375 0.07338888888888889 0.0385234375 0.06222222222222222
0 0.28590625 0.10690277777777778 0.0382890625 0.06504166666666666
2 0.20197656249999998 0.1483611111111111 0.032984374999999996 0.06851388888888889
0 0.1716328125 0.2115277777777778 0.06294531249999999 0.11372222222222221
0 0.2420390625 0.4455138888888889 0.10104687500000001 0.21663888888888888
0 0.354203125 0.38356944444444446 0.08025 0.1531388888888889
0 0.4168046875 0.6356527777777778 0.147875 0.2841111111111111