0 0.2333359375 0.20401388888888888 0.0523828125 0.097
0 0.2983984375 0.23972222222222223 0.0508046875 0.08275
0 0.30978125 0.18434722222222222 0.044101562500000004 0.07279166666666666
0 0.2324375 0.3742361111111111 0.0738125 0.13052777777777777
0 0.7438906249999999 0.6338611111111111 0.1382421875 0.20577777777777778
0 0.8420781249999999 0.5922222222222222 0.13287500000000002 0.18113888888888888
0 0.72590625 0.4342361111111111 0.10098437499999999 0.12556944444444443
0 0.68428125 0.5023194444444444 0.1074609375 0.12597222222222224
0 0.5431250000000001 0.35050000000000003 0.06840625 0.09936111111111112
0 0.47729687500000006 0.2607777777777778 0.051890625 0.08505555555555556
0 0.457421875 0.21116666666666667 0.0541328125 0.08266666666666667
0 0.5181250000000001 0.2254861111111111 0.0541328125 0.08265277777777777
0 0.6027109375 0.30643055555555554 0.07421875 0.10806944444444445
0 0.24070312500000002 0.13158333333333333 0.04121875 0.0545
0 0.0215234375 0.11748611111111111 0.0430390625 0.07947222222222222
2 0.1584296875 0.1897222222222222 0.0365234375 0.07159722222222221
2 0.1575625 0.3916944444444444 0.052625 0.13052777777777777
0 0.383890625 0.5018750000000001 0.0954296875 0.16744444444444445
0 0.0372734375 0.2155277777777778 0.053117187499999996 0.10809722222222222
0 0.49525781249999995 0.09944444444444443 0.0409609375 0.05841666666666667
2 0.0778828125 0.43122222222222223 0.0544921875 0.16333333333333333
0 0.4293046875 0.07940277777777778 0.038953125 0.05483333333333333
0 0.25699218749999997 0.7314722222222222 0.13272656249999998 0.22255555555555556
1 0.0703125 0.7775694444444444 0.140625 0.44486111111111115