0 0.23981249999999998 0.10177777777777777 0.0394296875 0.06322222222222222
0 0.2936015625 0.04979166666666667 0.030046875 0.05288888888888889
0 0.2386875 0.03434722222222222 0.0238125 0.03936111111111111
0 0.23846875 0.07047222222222223 0.034664062499999995 0.04554166666666667
0 0.67246875 0.3858611111111111 0.0864921875 0.136625
0 0.7661953125000001 0.46898611111111116 0.10790625000000001 0.1608611111111111
0 0.9541953124999999 0.7337222222222222 0.0916171875 0.23469444444444443
2 0.17485937499999998 0.11466666666666667 0.022984375 0.04943055555555556
2 0.1964921875 0.10154166666666667 0.0239140625 0.044180555555555556
0 0.194859375 0.13433333333333333 0.03796875 0.051513888888888894
0 0.020874999999999998 0.1415 0.0381640625 0.06141666666666667
0 0.279984375 0.08884722222222222 0.0340546875 0.05577777777777777
0 0.1032265625 0.17123611111111112 0.05289843749999999 0.07444444444444445
0 0.30632031249999997 0.20195833333333332 0.0492265625 0.07327777777777778
2 0.1404765625 0.3232361111111111 0.0547265625 0.1118888888888889
0 0.03984375 0.18334722222222222 0.049328125 0.07131944444444445
0 0.2593359375 0.4786388888888889 0.0896484375 0.15109722222222224
0 0.3928125 0.04051388888888889 0.028476562500000004 0.048486111111111105