0 0.1985234375 0.11804166666666666 0.043539062499999996 0.09744444444444444
0 0.2825546875 0.11008333333333334 0.039640625 0.06255555555555556
0 0.2416015625 0.0665 0.0322890625 0.0545
0 0.5430078125 0.2255 0.063296875 0.0921388888888889
0 0.03303125 0.1341527777777778 0.0410703125 0.08031944444444444
0 0.31837499999999996 0.2206388888888889 0.051460937500000005 0.10186111111111111
2 0.1845703125 0.4119305555555555 0.05094531249999999 0.12254166666666667
2 0.1133828125 0.3704861111111111 0.0499921875 0.11016666666666666
0 0.081578125 0.2683055555555556 0.07388281249999999 0.10175000000000001
0 0.35642968750000004 0.4072222222222222 0.08694531250000001 0.15034722222222222
0 0.25553906249999997 0.5135694444444444 0.090109375 0.15038888888888888
2 0.05 0.7297083333333333 0.0482109375 0.20397222222222225