0 0.026765624999999998 0.20641666666666666 0.04415625 0.08266666666666667
0 0.044953125 0.3742916666666667 0.07384375 0.12477777777777778
0 0.2451640625 0.38025 0.0680078125 0.11287499999999999
0 0.346609375 0.3256805555555556 0.0633046875 0.095
0 0.243828125 0.24470833333333333 0.056398437499999995 0.09180555555555554
0 0.30609375 0.1839861111111111 0.0514765625 0.07352777777777778
0 0.28991406249999996 0.12008333333333332 0.03028125 0.04890277777777778
0 0.2787578125 0.08555555555555555 0.0258125 0.035402777777777776
0 0.2342265625 0.08356944444444445 0.0238125 0.03936111111111111
0 0.24070312500000002 0.15619444444444444 0.039125 0.06141666666666667
0 0.1783203125 0.15144444444444446 0.0392265625 0.07193055555555555
0 0.2439375 0.11095833333333334 0.027609375000000002 0.03858333333333334
0 0.46936718749999995 0.15640277777777778 0.0409609375 0.06201388888888889
0 0.5238203125 0.20144444444444443 0.051664062499999996 0.07670833333333332
0 0.5770546875 0.27249999999999996 0.066609375 0.09974999999999999
0 0.670015625 0.376875 0.08065625 0.11009722222222222
0 0.6263828124999999 0.46558333333333335 0.1072265625 0.1645
0 0.7555 0.48066666666666663 0.095375 0.13116666666666665
0 0.9376093750000001 0.7068888888888889 0.1247734375 0.21854166666666666
0 0.9041328125 0.8761944444444445 0.1917421875 0.24762499999999998
2 0.6229218750000001 0.26158333333333333 0.0266484375 0.08981944444444445
2 0.7549453125000001 0.38997222222222216 0.0339921875 0.09661111111111112