0 0.0449765625 0.331 0.0791640625 0.12881944444444443
0 0.023640625000000002 0.2246388888888889 0.0455 0.09066666666666667
0 0.2733984375 0.07977777777777778 0.043671875 0.06280555555555556
0 0.2357890625 0.16075 0.0492578125 0.10727777777777778
1 0.1937265625 0.07622222222222222 0.05128125 0.10486111111111111
0 0.6760390625 0.5352361111111111 0.10788281250000001 0.14904166666666668
0 0.9090546875 0.5074444444444445 0.098921875 0.15380555555555556
0 0.6168984375 0.4330416666666667 0.08870312500000001 0.16608333333333333
0 0.730484375 0.4679861111111111 0.08645312499999999 0.13748611111111111
0 0.7032578125 0.3252916666666667 0.085578125 0.14340277777777777
0 0.6133124999999999 0.24015277777777777 0.0619296875 0.07551388888888888
0 0.5952421875 0.28638888888888886 0.0695234375 0.10052777777777777
0 0.623703125 0.3443333333333333 0.0677421875 0.08520833333333333
0 0.5312890625 0.16833333333333333 0.043859375 0.06676388888888889
0 0.4594296875 0.15481944444444445 0.042976562499999996 0.06198611111111112
2 0.8593984375 0.5330555555555556 0.0375625 0.12479166666666666
2 0.83284375 0.561236111111111 0.03609375 0.12559722222222222
2 0.8110781250000001 0.5826666666666667 0.047921875 0.12044444444444444
2 0.909953125 0.6203472222222222 0.0581953125 0.1418611111111111
0 0.41735937500000003 0.096875 0.032492187500000005 0.04451388888888889
0 0.4200390625 0.1621388888888889 0.044734375 0.07888888888888888
0 0.95546875 0.8467916666666667 0.0890625 0.26026388888888885