0 0.17040625 0.22204166666666666 0.067640625 0.15619444444444444
0 0.3030859375 0.21012499999999998 0.0557109375 0.0816111111111111
0 0.2433828125 0.11729166666666667 0.0447890625 0.06720833333333333
0 0.9069296874999999 0.6471944444444445 0.1585390625 0.21729166666666666
0 0.28678125 0.07005555555555555 0.032953125 0.05366666666666667
0 0.45909374999999997 0.11594444444444445 0.0454375 0.06673611111111111
0 0.20945312500000002 0.0635 0.028726562500000004 0.050875000000000004
0 0.2389140625 0.03197222222222222 0.026937499999999996 0.03776388888888889
0 0.23846875 0.052 0.031093749999999996 0.03723611111111111
2 0.18846875000000002 0.10220833333333333 0.020703125 0.06241666666666666
0 0.0325859375 0.210375 0.04375 0.09302777777777778
0 0.0190859375 0.14725 0.038171875 0.09673611111111112
0 0.3866640625 0.5810555555555555 0.1130625 0.20030555555555554