0 0.2038828125 0.05294444444444444 0.036390624999999996 0.07520833333333334
0 0.286125 0.097375 0.039640625 0.04984722222222222
0 0.9201484375 0.6772083333333333 0.159703125 0.22073611111111113
0 0.029015625 0.24131944444444445 0.050890625 0.11366666666666667
2 0.1939453125 0.21663888888888888 0.0321953125 0.09077777777777778
2 0.158015625 0.20852777777777776 0.02678125 0.06570833333333334
0 0.1779921875 0.15954166666666666 0.038171875 0.06205555555555556
0 0.3019765625 0.16904166666666665 0.058382812500000006 0.0963611111111111
0 0.2439375 0.17140277777777777 0.0508359375 0.07576388888888888
2 0.1343671875 0.2755972222222222 0.0330390625 0.096
0 0.31960937500000003 0.3282222222222222 0.085828125 0.1463888888888889
0 0.4153515625 0.7340694444444444 0.13291406249999999 0.2111388888888889
2 0.14975 0.6088333333333333 0.071375 0.17331944444444444