0 0.21102343750000002 0.03309722222222222 0.029249999999999998 0.05456944444444444
0 0.2834453125 0.05608333333333334 0.039640625 0.04984722222222222
0 0.030796875 0.14129166666666668 0.0473203125 0.08191666666666667
2 0.1961796875 0.1435972222222222 0.029515625 0.065375
2 0.16605468750000002 0.16406944444444443 0.02678125 0.06570833333333334
0 0.215484375 0.11986111111111111 0.038171875 0.06205555555555556
0 0.2859140625 0.08963888888888889 0.040523437499999995 0.06459722222222222
0 0.2452734375 0.076125 0.042796875 0.05670833333333333
0 0.283890625 0.15516666666666667 0.046554687500000004 0.08604166666666667
0 0.3207265625 0.2537638888888889 0.0615 0.10475
2 0.18589843749999999 0.26508333333333334 0.038343749999999996 0.08598611111111111
0 0.09753125 0.46397222222222223 0.10401562499999999 0.18041666666666667