0 0.9130234375 0.8762638888888888 0.173953125 0.24747222222222223
0 0.702140625 0.5592777777777778 0.12352343750000001 0.20895833333333333
0 0.8271015625 0.4409722222222222 0.107453125 0.1406111111111111
0 0.73003125 0.44281944444444443 0.09273437500000001 0.13704166666666667
0 0.9710390625 0.7817777777777778 0.057914062499999995 0.22333333333333336
0 0.719203125 0.3358333333333334 0.078671875 0.10011111111111111
0 0.6210078125 0.32869444444444446 0.0643984375 0.10168055555555555
0 0.546359375 0.24055555555555555 0.053023437500000006 0.08102777777777778
0 0.55975 0.35904166666666665 0.0688359375 0.11383333333333333
0 0.1123125 0.29980555555555555 0.07209375 0.12212500000000001
0 0.49491406250000003 0.19315277777777776 0.050124999999999996 0.07668055555555556
0 0.5211484375000001 0.28780555555555554 0.05792968750000001 0.08263888888888889
0 0.4605625 0.23081944444444444 0.041828125 0.06779166666666667
0 0.029249999999999998 0.277 0.058499999999999996 0.10905555555555554
2 0.20198437500000002 0.23193055555555556 0.032203125 0.08172222222222222
0 0.40842968749999997 0.14766666666666667 0.039375 0.058819444444444445
2 0.2024453125 0.3047638888888889 0.03265625 0.07895833333333334
2 0.2807734375 0.3335416666666667 0.0284921875 0.08491666666666667
2 0.18690625 0.4730694444444445 0.0541796875 0.12730555555555556
0 0.059039062499999996 0.6247222222222223 0.10021875 0.21070833333333333
0 0.43052343750000005 0.17525000000000002 0.038492187500000004 0.06241666666666666
0 0.6115468749999999 0.42350000000000004 0.076015625 0.11333333333333333
0 0.2702734375 0.8563194444444444 0.13071875 0.23654166666666668
0 0.4260625 0.10322222222222222 0.032484374999999996 0.050902777777777776
2 0.027218750000000003 0.5128194444444445 0.0486953125 0.1319861111111111