0 0.6699843750000001 0.5220138888888889 0.10007812499999999 0.16283333333333333
1 0.167328125 0.17679166666666668 0.08707812499999999 0.19834722222222223
0 0.8704296875 0.48188888888888887 0.0933828125 0.13819444444444445
2 0.6827265625 0.4086666666666667 0.0347265625 0.09415277777777778
2 0.7750078125 0.4801111111111111 0.0483125 0.106875
2 0.8537812499999999 0.3925694444444444 0.03003125 0.08501388888888889
0 0.5867578124999999 0.39536111111111116 0.08025 0.1525
0 0.323296875 0.2756111111111111 0.0643046875 0.1062361111111111
2 0.67390625 0.3086388888888889 0.02734375 0.08066666666666666
0 0.029359375 0.32916666666666666 0.05871875 0.13245833333333334
0 0.5430312500000001 0.1816111111111111 0.0445390625 0.07190277777777779
0 0.4841953125 0.19772222222222224 0.0398515625 0.06041666666666667
0 0.5257109375 0.29455555555555557 0.057460937499999996 0.1031111111111111
0 0.5855234375 0.2931666666666667 0.0610390625 0.08445833333333333
2 0.7086171875 0.3602222222222222 0.0322578125 0.079875
0 0.262609375 0.4367777777777778 0.10359375 0.185625
0 0.246546875 0.6560833333333334 0.196421875 0.22102777777777777
0 0.4739296875 0.08575 0.03940625 0.046875
0 0.857046875 0.8531527777777778 0.2859140625 0.29283333333333333
0 0.42114843750000003 0.07205555555555555 0.026234374999999997 0.05126388888888889
0 0.39637500000000003 0.08020833333333334 0.025796875000000004 0.044527777777777784
0 0.473046875 0.14469444444444446 0.0371640625 0.050499999999999996