0 0.23646093750000002 0.1611388888888889 0.049703125 0.07794444444444444
0 0.2850078125 0.2000277777777778 0.0508046875 0.08275
0 0.3030859375 0.15815277777777778 0.039640625 0.06168055555555555
0 0.2351171875 0.3250138888888889 0.0738125 0.13052777777777777
0 0.8202187500000001 0.7640555555555556 0.183765625 0.26929166666666665
0 0.9375781249999999 0.714486111111111 0.12484375 0.22877777777777777
0 0.7875078125 0.5120416666666667 0.113484375 0.14779166666666665
0 0.7610546874999999 0.5991805555555556 0.12889062499999998 0.14819444444444446
0 0.577046875 0.39972222222222226 0.08090625 0.12476388888888888
0 0.5005078125 0.29254166666666664 0.053679687499999997 0.09140277777777778
0 0.469921875 0.223875 0.0541328125 0.08266666666666667
0 0.5533828125 0.25883333333333336 0.065734375 0.0953611111111111
0 0.65003125 0.362 0.07421875 0.10806944444444445
0 0.24159375 0.1077638888888889 0.04121875 0.0545
0 0.0215234375 0.11906944444444445 0.0430390625 0.07947222222222222
2 0.16825 0.15955555555555556 0.0365234375 0.07159722222222221
2 0.17809375 0.30040277777777774 0.0490546875 0.09718055555555555
0 0.3588984375 0.3891388888888889 0.0954296875 0.16744444444444445
0 0.0417421875 0.16948611111111112 0.053117187499999996 0.10809722222222222
0 0.5175703125 0.11215277777777778 0.0409609375 0.05841666666666667
2 0.11046875 0.3224583333333333 0.0357421875 0.09823611111111112
0 0.45250781250000005 0.10162500000000001 0.038953125 0.05483333333333333
0 0.25253125 0.5393611111111111 0.1113046875 0.19715277777777776
1 0.074328125 0.6275277777777778 0.1433046875 0.4369166666666666
0 0.4333125 0.786875 0.1576953125 0.24206944444444442