0 0.031234374999999998 0.14288888888888887 0.04415625 0.08266666666666667
0 0.072625 0.21869444444444447 0.0559921875 0.09937499999999999
0 0.24382031249999997 0.26990277777777777 0.063546875 0.0922361111111111
0 0.31448437500000004 0.20262499999999997 0.052593749999999995 0.07436111111111111
0 0.23981249999999998 0.18516666666666665 0.0572890625 0.06798611111111111
0 0.2891328125 0.12045833333333333 0.0443359375 0.06718055555555555
0 0.285453125 0.11055555555555555 0.03028125 0.04890277777777778
0 0.27653125 0.07681944444444445 0.026703125 0.04016666666666667
0 0.2324375 0.06134722222222223 0.0238125 0.03936111111111111
0 0.23981249999999998 0.13079166666666667 0.039125 0.06141666666666667
0 0.1926015625 0.10856944444444444 0.0392265625 0.07193055555555555
0 0.2390234375 0.08713888888888889 0.026718750000000003 0.035402777777777776
0 0.49972656249999997 0.19927777777777778 0.051671875 0.08423611111111111
0 0.5715859375 0.25780555555555557 0.0704140625 0.10369444444444444
0 0.6431171875 0.3558472222222222 0.0862578125 0.13308333333333333
0 0.7320546875 0.4499166666666667 0.09940625 0.13231944444444443
0 0.869203125 0.8307638888888889 0.2250625 0.3042222222222222
0 0.8184374999999999 0.5481527777777778 0.11768749999999999 0.1645138888888889
2 0.7693203125 0.3997083333333334 0.03021875 0.09616666666666666
2 0.96875 0.5955972222222222 0.049171875 0.12677777777777777
0 0.42182812500000005 0.16654166666666667 0.0467734375 0.0798611111111111
0 0.287015625 0.058569444444444445 0.026703125 0.04094444444444444
2 0.051226562499999996 0.5568472222222223 0.047093750000000004 0.17170833333333332
2 0.04853125 0.767611111111111 0.06982031250000001 0.19316666666666668