0 0.1882578125 0.14741666666666667 0.049789062499999995 0.10220833333333333
0 0.2896953125 0.13866666666666666 0.039640625 0.06255555555555556
0 0.2416015625 0.082375 0.0322890625 0.0545
0 0.2885703125 0.051791666666666666 0.0293828125 0.052083333333333336
0 0.49926562499999994 0.1731111111111111 0.054367187500000004 0.08261111111111111
2 0.1973984375 0.08155555555555555 0.020703125 0.06241666666666666
0 0.0379375 0.16908333333333334 0.04375 0.09302777777777778
0 0.0190859375 0.13454166666666667 0.038171875 0.09673611111111112
0 0.33265625 0.3151111111111111 0.06396093750000001 0.106625
2 0.171625 0.5802361111111111 0.055406250000000004 0.151125
2 0.079015625 0.49274999999999997 0.050890625 0.1451111111111111
0 0.0387265625 0.3159444444444444 0.07388281249999999 0.10175000000000001
0 0.4131171875 0.6469722222222222 0.14853906249999999 0.25195833333333334
0 0.26446875 0.9248055555555555 0.157953125 0.15038888888888888