0 0.2038984375 0.04240277777777778 0.033515625 0.06380555555555555
0 0.0207578125 0.0815 0.041515625 0.06255555555555556
0 0.021984375 0.1644861111111111 0.04396875 0.11181944444444446
0 0.6539140625 0.49343055555555554 0.10007812499999999 0.16283333333333333
1 0.1539296875 0.2895277777777778 0.1209921875 0.2967916666666667
0 0.71196875 0.34772222222222227 0.08178125 0.11437499999999999
2 0.569796875 0.28402777777777777 0.0231171875 0.06715277777777778
2 0.6290546875 0.33483333333333337 0.047421875 0.08940277777777779
2 0.6569375 0.2528611111111111 0.0273515625 0.06913888888888889
0 0.5073046875 0.27627777777777773 0.060609375 0.11756944444444445
0 0.40632812500000004 0.48836111111111113 0.10179687500000001 0.1602083333333333
2 0.8099296875 0.4235277777777778 0.0507734375 0.11443055555555556
2 0.5649921875 0.19906944444444447 0.02734375 0.08066666666666666
0 0.13373437500000002 0.5840000000000001 0.1578046875 0.18804166666666663
0 0.4791953125 0.12127777777777776 0.0382890625 0.06555555555555556
0 0.43956249999999997 0.12944444444444445 0.032710937499999995 0.04770833333333334
0 0.4583125 0.2048333333333333 0.0512109375 0.092
0 0.4962578125 0.1954861111111111 0.04675 0.06063888888888888
2 0.5916718750000001 0.24115277777777777 0.0322578125 0.079875
0 0.628609375 0.7559166666666667 0.2999921875 0.31581944444444443