0 0.2389296875 0.04641666666666667 0.046578125 0.07869444444444444
0 0.69478125 0.5574722222222223 0.10788281250000001 0.14904166666666668
0 0.6151093750000001 0.4314583333333333 0.08870312500000001 0.16608333333333333
0 0.8902812499999999 0.6640972222222222 0.129296875 0.19305555555555556
0 0.8460703125 0.4650138888888889 0.1105703125 0.17198611111111112
0 0.7347109374999999 0.3481111111111111 0.07621093749999999 0.11679166666666667
0 0.6778125 0.3848472222222222 0.0757734375 0.11005555555555555
0 0.7562734375 0.4840694444444444 0.100765625 0.14552777777777778
0 0.6585078125 0.28581944444444446 0.0733125 0.09534722222222224
0 0.566546875 0.273125 0.057257812500000005 0.07627777777777778
0 0.4981484375 0.18420833333333334 0.053023437500000006 0.06991666666666667
0 0.5293984375 0.3193472222222222 0.0688359375 0.11383333333333333
0 0.12034375 0.4093611111111111 0.08459375 0.13483333333333333
0 0.45384375 0.14075000000000001 0.037625 0.057625
0 0.47739843750000005 0.23143055555555556 0.04721875 0.08105555555555556
0 0.4293125 0.18159722222222222 0.041828125 0.06779166666666667
0 0.09766406250000001 0.5016805555555556 0.12278906249999999 0.16780555555555554
2 0.239921875 0.5351944444444444 0.0652421875 0.1547638888888889
0 0.4106640625 0.14845833333333333 0.033125 0.06676388888888889
2 0.21046874999999998 0.8208055555555556 0.080859375 0.199625
2 0.362453125 0.8321111111111111 0.0650859375 0.18334722222222222