0 0.031546875 0.2746388888888889 0.06309375 0.11770833333333333
0 0.02275 0.19605555555555554 0.0455 0.09066666666666667
0 0.26446875 0.056763888888888885 0.0383125 0.06122222222222222
0 0.235796875 0.13375 0.0492578125 0.10727777777777778
1 0.19729687499999998 0.06511111111111112 0.05128125 0.10486111111111111
0 0.673359375 0.5336527777777778 0.10788281250000001 0.14904166666666668
0 0.9068203125000001 0.5010972222222223 0.131953125 0.16333333333333333
0 0.6177890625 0.4330416666666667 0.08870312500000001 0.16608333333333333
0 0.7492265625 0.48545833333333327 0.08645312499999999 0.13748611111111111
0 0.7327109375 0.3554583333333333 0.085578125 0.14340277777777777
0 0.6383046875 0.2592083333333333 0.0619296875 0.07551388888888888
0 0.61934375 0.30862500000000004 0.0695234375 0.10052777777777777
0 0.66075 0.3729166666666667 0.07934375 0.10743055555555554
0 0.559859375 0.20168055555555556 0.0474296875 0.06994444444444445
0 0.474609375 0.17069444444444445 0.042976562499999996 0.06198611111111112
2 0.8710078125 0.5505138888888889 0.0375625 0.12479166666666666
2 0.83909375 0.561236111111111 0.03609375 0.12559722222222222
2 0.8137578124999999 0.5890138888888888 0.047921875 0.12044444444444444
2 0.9260234374999999 0.6346388888888889 0.0581953125 0.1418611111111111
0 0.4253984375 0.10322222222222222 0.032492187500000005 0.04451388888888889
0 0.44057031249999995 0.1907222222222222 0.044734375 0.07888888888888888
0 0.7180078125 0.7824861111111111 0.27653125 0.27773611111111113
0 0.3855546875 0.06373611111111112 0.026023437500000003 0.04015277777777778
0 0.42472656249999996 0.13695833333333332 0.027578125 0.03501388888888889