0 0.23244531249999997 0.044430555555555556 0.043453124999999995 0.06047222222222222
0 0.258671875 0.06506944444444444 0.0284921875 0.04147222222222222
0 0.277203125 0.05969444444444444 0.0307109375 0.04897222222222222
0 0.231984375 0.10829166666666666 0.0407890625 0.06225
0 0.7504609375 0.6402777777777777 0.128671875 0.18666666666666668
0 0.5998203125 0.4199722222222222 0.09609375 0.16365277777777779
0 0.9171640625 0.6740416666666667 0.1362578125 0.1953888888888889
2 0.2053203125 0.0947638888888889 0.0231640625 0.05748611111111111
0 0.2973046875 0.1311388888888889 0.0400859375 0.0642361111111111
2 0.1885859375 0.10255555555555557 0.01878125 0.04583333333333333
0 0.665875 0.3040833333333333 0.0889453125 0.13897222222222222
0 0.24139062500000003 0.16704166666666667 0.046132812499999995 0.07808333333333334
1 0.1622578125 0.2099583333333333 0.090625 0.16381944444444446
0 0.3159296875 0.21763888888888888 0.0532578125 0.08170833333333333
1 0.1121484375 0.4455 0.1368125 0.3309861111111111
0 0.8090468749999999 0.45093055555555556 0.10613281249999999 0.1525138888888889
0 0.24796875 0.27919444444444447 0.0804296875 0.12379166666666666
0 0.33435156250000003 0.2875 0.0628515625 0.09444444444444444
0 0.253640625 0.37581944444444443 0.0894375 0.13680555555555557
0 0.46099218750000004 0.15244444444444444 0.0498671875 0.07073611111111111
0 0.39035156249999997 0.6044722222222223 0.091859375 0.1845277777777778
0 0.256984375 0.6183888888888889 0.12915625 0.2805416666666667
0 0.3956015625 0.108375 0.037367187499999996 0.07311111111111111
0 0.0285703125 0.7243194444444444 0.057140625 0.18706944444444445
0 0.0174140625 0.16454166666666667 0.0348203125 0.09416666666666666