0 0.07711718749999999 0.684875 0.15424218750000002 0.3610277777777778
0 0.409765625 0.7078888888888889 0.12266406249999999 0.21656944444444445
0 0.251859375 0.2705138888888889 0.054609375 0.08784722222222222
0 0.29103124999999996 0.1333888888888889 0.0369765625 0.06359722222222222
0 0.7221328125 0.4391944444444445 0.106765625 0.16330555555555556
0 0.83340625 0.5546805555555555 0.12828124999999999 0.18
0 0.2908046875 0.13595833333333335 0.0409921875 0.06477777777777778
0 0.40686718749999995 0.05241666666666667 0.032046875 0.04451388888888889
0 0.23690625 0.07722222222222222 0.029171875000000003 0.042541666666666665
0 0.203203125 0.09527777777777777 0.028726562500000004 0.050875000000000004
0 0.23802343750000002 0.043083333333333335 0.026937499999999996 0.03776388888888889
0 0.235796875 0.079 0.031093749999999996 0.03723611111111111
0 0.09171875 0.11611111111111111 0.0357578125 0.05683333333333333
0 0.0475234375 0.13099999999999998 0.0365703125 0.058833333333333335
0 0.0112734375 0.10798611111111112 0.022546875 0.06040277777777778
0 0.2693828125 0.051625000000000004 0.024921875 0.042930555555555555
2 0.15053125 0.19986111111111113 0.021593750000000002 0.07352777777777778
2 0.1840078125 0.08713888888888889 0.017125 0.05444444444444445