0 0.24706250000000002 0.3935416666666667 0.0695703125 0.11169444444444444
0 0.3517421875 0.34829166666666667 0.0691015625 0.10056944444444443
0 0.2428203125 0.2546388888888889 0.056625 0.08783333333333333
0 0.305203125 0.19609722222222223 0.0496953125 0.07790277777777778
0 0.2408125 0.15918055555555555 0.0392109375 0.059625
0 0.2366875 0.08356944444444445 0.0242578125 0.03936111111111111
0 0.279203125 0.08416666666666667 0.026710937499999997 0.044527777777777784
0 0.291703125 0.1272361111111111 0.0338515625 0.04731944444444444
0 0.17653125 0.16097222222222224 0.044578125 0.07511111111111111
0 0.0271015625 0.21434722222222224 0.0470625 0.06679166666666667
0 0.043953124999999996 0.39593055555555556 0.0740625 0.11645833333333333
0 0.5692421875 0.2722916666666667 0.0643828125 0.10331944444444445
0 0.519359375 0.19947222222222222 0.051664062499999996 0.08068055555555556
0 0.46814062500000003 0.1516388888888889 0.045203125 0.06836111111111111
0 0.663546875 0.3675555555555555 0.0811015625 0.11922222222222223
0 0.6132109375 0.45030555555555557 0.10321093750000002 0.15377777777777776
0 0.7482421875 0.47073611111111113 0.100953125 0.135125
0 0.9342656249999999 0.6918055555555556 0.1314765625 0.22012500000000002
0 0.874125 0.8495833333333334 0.2098515625 0.2856666666666667
2 0.610875 0.25145833333333334 0.024234375 0.08148611111111112
2 0.741328125 0.37548611111111113 0.03340625 0.08747222222222222