0 0.71040625 0.5789027777777778 0.12484375 0.1728611111111111
0 0.6267109375000001 0.4425694444444444 0.09584375 0.1756111111111111
0 0.9259921875 0.7069722222222222 0.129296875 0.19305555555555556
0 0.87240625 0.492 0.12575 0.18469444444444444
0 0.7427421875 0.3544583333333333 0.07621093749999999 0.11679166666666667
0 0.6813828125 0.3848472222222222 0.0757734375 0.11005555555555555
0 0.7835 0.5086805555555556 0.11415625 0.163
0 0.6665390625 0.2953472222222222 0.0733125 0.09534722222222224
0 0.5786015625 0.28741666666666665 0.06171875 0.082625
0 0.5043984375 0.19531944444444443 0.053023437500000006 0.06991666666666667
0 0.5383281249999999 0.33205555555555555 0.0688359375 0.11383333333333333
0 0.114984375 0.3807777777777778 0.08459375 0.13483333333333333
0 0.4583046875 0.1502777777777778 0.037625 0.057625
0 0.486328125 0.24890277777777778 0.04721875 0.08105555555555556
0 0.436453125 0.19270833333333334 0.041828125 0.06779166666666667
0 0.061390625 0.4635694444444444 0.12278125 0.16780555555555554
2 0.23903124999999997 0.47962499999999997 0.0652421875 0.1547638888888889
0 0.4106640625 0.14845833333333333 0.033125 0.06676388888888889
2 0.2162734375 0.6834583333333333 0.072828125 0.17898611111111112
2 0.356203125 0.7019166666666666 0.0650859375 0.18334722222222222