0 0.058335937500000004 0.11549999999999999 0.0470625 0.07079166666666667
0 0.24114062500000003 0.18654166666666666 0.051046875000000005 0.07476388888888888
0 0.2930625 0.12323611111111112 0.04009375 0.05530555555555556
0 0.2416015625 0.15816666666666665 0.0519296875 0.06480555555555555
0 0.2797578125 0.09584722222222222 0.0380859375 0.06241666666666666
0 0.277859375 0.06688888888888889 0.0347421875 0.050486111111111114
0 0.2386875 0.05022222222222222 0.0238125 0.03936111111111111
0 0.24249218749999998 0.1371388888888889 0.039125 0.06141666666666667
0 0.2037578125 0.057749999999999996 0.034765625 0.06240277777777778
0 0.23767968750000001 0.08316666666666667 0.032968750000000005 0.049694444444444444
0 0.5577578125 0.2580277777777778 0.0606015625 0.09058333333333334
0 0.6416640625000001 0.3348055555555556 0.0784453125 0.12116666666666666
0 0.72346875 0.4304722222222222 0.09518750000000001 0.14895833333333333
0 0.8186562500000001 0.5467638888888889 0.12261718749999999 0.16090277777777778
0 0.93178125 0.6965972222222222 0.1364375 0.20102777777777778
0 0.48565625 0.27055555555555555 0.060164062500000004 0.09415277777777778
0 0.29415625 0.036333333333333336 0.026703125 0.04094444444444444
2 0.124875 0.27105555555555555 0.0265546875 0.08277777777777778
2 0.13579687499999998 0.31193055555555554 0.0292734375 0.07752777777777778
0 0.1466484375 0.3978888888888889 0.086171875 0.143625
0 0.0119453125 0.1415 0.0203125 0.06459722222222222
0 0.33578125000000003 0.3405138888888889 0.07421875 0.12406944444444444
0 0.0291328125 0.6816944444444444 0.05825781249999999 0.2157638888888889