0 0.2333359375 0.18654166666666666 0.0523828125 0.097
0 0.288578125 0.2175 0.0508046875 0.08275
0 0.3079921875 0.1827638888888889 0.044101562500000004 0.07279166666666666
0 0.2351171875 0.3250138888888889 0.0738125 0.13052777777777777
0 0.7813828125 0.6941944444444444 0.1525234375 0.24388888888888888
0 0.8969765625000001 0.6406527777777777 0.1498359375 0.21130555555555552
0 0.7589375 0.4771111111111111 0.113484375 0.14779166666666665
0 0.7208828125 0.5404305555555555 0.116390625 0.1418472222222222
0 0.5565156250000001 0.37590277777777775 0.08090625 0.12476388888888888
0 0.485328125 0.2750694444444445 0.053679687499999997 0.09140277777777778
0 0.457421875 0.21116666666666667 0.0541328125 0.08266666666666667
0 0.5328515625 0.24454166666666666 0.065734375 0.0953611111111111
0 0.6214609375 0.33025 0.07421875 0.10806944444444445
0 0.24070312500000002 0.12047222222222222 0.04121875 0.0545
0 0.0215234375 0.11906944444444445 0.0430390625 0.07947222222222222
2 0.1637890625 0.16749999999999998 0.0365234375 0.07159722222222221
2 0.17184375000000002 0.3472361111111111 0.052625 0.13052777777777777
0 0.3731796875 0.443125 0.0954296875 0.16744444444444445
0 0.0390625 0.1996527777777778 0.053117187499999996 0.10809722222222222
0 0.5032890625 0.102625 0.0409609375 0.05841666666666667
2 0.09038281249999999 0.38358333333333333 0.0544921875 0.16333333333333333
0 0.44090625 0.0905138888888889 0.038953125 0.05483333333333333
0 0.25253125 0.6298611111111111 0.1113046875 0.19715277777777776
1 0.077453125 0.7354999999999999 0.15490625 0.5290138888888889
0 0.4721484375 0.901986111111111 0.1782265625 0.19602777777777775