2 0.1870390625 0.08705555555555555 0.0223203125 0.05776388888888889
0 0.23156249999999998 0.06744444444444445 0.038171875 0.06205555555555556
0 0.2917109375 0.044375 0.032492187500000005 0.056652777777777774
0 0.26960937500000004 0.05830555555555555 0.03584375 0.04475
0 0.28411718750000003 0.09419444444444444 0.0382890625 0.06504166666666666
2 0.2082265625 0.10390277777777777 0.02584375 0.04945833333333333
0 0.17877343750000002 0.172625 0.05044531249999999 0.09308333333333332
0 0.236234375 0.3327777777777778 0.0823046875 0.1594861111111111
0 0.32921093749999997 0.25972222222222224 0.058820312500000006 0.0959861111111111
0 0.3636875 0.39273611111111106 0.0880625 0.17613888888888887
0 0.22796875 0.5905972222222222 0.107296875 0.21933333333333332