0 0.9357734375 0.6928888888888889 0.1284453125 0.22119444444444444
0 0.906671875 0.5144722222222222 0.134015625 0.17156944444444444
0 0.7339375 0.4589027777777778 0.101 0.15884722222222222
0 0.63875 0.341375 0.0860546875 0.10801388888888888
0 0.5816250000000001 0.4019305555555555 0.0750859375 0.12018055555555555
0 0.0971328125 0.1855 0.0471015625 0.07131944444444445
0 0.5658828125 0.2741388888888889 0.05815625 0.0798611111111111
0 0.5577578125 0.3259166666666667 0.05792968750000001 0.08263888888888889
0 0.4918125 0.2697083333333333 0.0525390625 0.08844444444444445
0 0.03415625 0.14205555555555555 0.0433203125 0.08365277777777777
0 0.4334296875 0.18259722222222222 0.0411640625 0.06516666666666666
2 0.2042421875 0.1348888888888889 0.0290859375 0.06943055555555556
2 0.2468515625 0.15570833333333334 0.0284921875 0.08491666666666667
2 0.1940546875 0.1801111111111111 0.0345390625 0.07172222222222223
0 0.07109375 0.2579444444444444 0.0689765625 0.10591666666666667
0 0.45374218749999995 0.22130555555555556 0.0420625 0.06876388888888889
0 0.85746875 0.7466250000000001 0.1536875 0.2482916666666667
0 0.252421875 0.3140833333333333 0.07357812500000001 0.11745833333333332
0 0.4796171875 0.17469444444444446 0.0414140625 0.06043055555555555
2 0.16246093749999999 0.20319444444444446 0.031734374999999995 0.07165277777777779
0 0.4298671875 0.12447222222222223 0.031148437499999997 0.04493055555555556
2 0.0992109375 0.40025 0.0448671875 0.11177777777777778
0 0.24035937500000001 0.5203333333333333 0.099484375 0.1845277777777778
0 0.387453125 0.5230972222222222 0.087390625 0.16308333333333333
0 0.37829687500000003 0.7209722222222222 0.1213203125 0.21193055555555557