0 0.3159140625 0.6358472222222222 0.1871796875 0.2431388888888889
0 0.0461796875 0.4350277777777778 0.08745312499999999 0.14305555555555555
0 0.2908046875 0.17268055555555556 0.049921875 0.07075
0 0.24471875 0.3068333333333333 0.0760390625 0.14856944444444445
1 0.182109375 0.128625 0.060203125 0.14931944444444445
0 0.030117187499999996 0.21156944444444445 0.046390625000000005 0.06916666666666667
0 0.67246875 0.5272916666666666 0.10788281250000001 0.14904166666666668
0 0.7429921875 0.8190138888888889 0.2935703125 0.24834722222222222
0 0.9086093749999999 0.5145972222222223 0.10695312500000001 0.15538888888888888
0 0.6106484375 0.4227222222222222 0.0869140625 0.15813888888888888
0 0.6595234375000001 0.37270833333333336 0.06414062499999999 0.1057361111111111
0 0.5643359375 0.3496944444444444 0.0545625 0.10731944444444444
0 0.6014921875 0.23716666666666666 0.0552265625 0.10052777777777777
0 0.621921875 0.1597777777777778 0.05365625 0.06479166666666666
0 0.5468124999999999 0.12345833333333334 0.039609375 0.051680555555555556
0 0.5213671875 0.14727777777777779 0.0422890625 0.051694444444444446
0 0.5117734375 0.18875 0.045421875 0.051305555555555556
0 0.5304140625 0.24747222222222223 0.057921875 0.06933333333333333
0 0.45630468750000003 0.10004166666666667 0.026007812499999998 0.044527777777777784
0 0.4161328125 0.09527777777777777 0.0349453125 0.050875000000000004
2 0.7495859375 0.39413888888888887 0.02328125 0.08509722222222223
2 0.769453125 0.4374027777777778 0.030734375 0.08431944444444445
2 0.7664453124999999 0.5175555555555555 0.047921875 0.12044444444444444
2 0.8474609375 0.5568472222222223 0.0421328125 0.16091666666666665
2 0.9856015625 0.5326527777777778 0.028796875 0.19547222222222224
0 0.3829921875 0.050041666666666665 0.0244609375 0.03975