0 0.073515625 0.1520138888888889 0.0470625 0.07079166666666667
0 0.24114062500000003 0.21988888888888888 0.051046875000000005 0.07476388888888888
0 0.300203125 0.15261111111111111 0.0436640625 0.06325
0 0.2416015625 0.15816666666666665 0.0519296875 0.06480555555555555
0 0.2797578125 0.09584722222222222 0.0380859375 0.06241666666666666
0 0.2796484375 0.09547222222222221 0.0347421875 0.050486111111111114
0 0.244046875 0.05816666666666667 0.0238125 0.03936111111111111
0 0.23981249999999998 0.13079166666666667 0.039125 0.06141666666666667
0 0.19929687499999998 0.06409722222222222 0.034765625 0.06240277777777778
0 0.23946874999999998 0.10222222222222221 0.032968750000000005 0.049694444444444444
0 0.534546875 0.23420833333333332 0.0606015625 0.09058333333333334
0 0.618453125 0.3046388888888889 0.0784453125 0.12116666666666666
0 0.6868671875000001 0.4003055555555556 0.09518750000000001 0.14895833333333333
0 0.7775859374999999 0.5023055555555556 0.106546875 0.14502777777777778
0 0.8822656249999999 0.6346805555555556 0.1364375 0.20102777777777778
2 0.936703125 0.57675 0.04896875 0.14222222222222222
0 0.4521796875 0.22212500000000002 0.0467734375 0.0798611111111111
0 0.2905859375 0.04904166666666667 0.026703125 0.04094444444444444
2 0.1065703125 0.35044444444444445 0.0381640625 0.10819444444444445
2 0.1116953125 0.42544444444444446 0.038203125 0.12040277777777778
0 0.1153984375 0.5550694444444444 0.0968828125 0.16902777777777778
0 0.01015625 0.184375 0.0203125 0.06459722222222222
0 0.380421875 0.5318333333333334 0.1135 0.17329166666666665