0 0.23512499999999997 0.07301388888888889 0.043453124999999995 0.06047222222222222
0 0.2662578125 0.09047222222222222 0.0365234375 0.06052777777777778
0 0.2896953125 0.07875 0.039640625 0.06168055555555555
0 0.2346640625 0.13369444444444445 0.0407890625 0.06225
0 0.8265546875 0.7569444444444444 0.15678125 0.22320833333333334
0 0.6295 0.47197222222222224 0.101 0.16125
0 0.5306328125 0.3326388888888889 0.0809140625 0.12872222222222224
0 0.7457578125000001 0.47875 0.1094765625 0.15411111111111112
0 0.9432499999999999 0.6970138888888889 0.11349218750000001 0.197
2 0.1905625 0.08255555555555555 0.0258125 0.054125
2 0.195953125 0.14795833333333333 0.029414062499999998 0.078125
0 0.309796875 0.18591666666666667 0.0472265625 0.084875
0 0.6032578125 0.12166666666666666 0.0713125 0.09018055555555557
2 0.1711796875 0.1398611111111111 0.0268125 0.060125
0 0.5663359375 0.2072222222222222 0.06484375 0.09769444444444444
0 0.2458515625 0.23293055555555556 0.0604140625 0.08919444444444444
1 0.1443984375 0.2734583333333333 0.1013359375 0.19556944444444443
0 0.3302109375 0.29306944444444444 0.06932812499999999 0.096
1 0.08403125 0.621736111111111 0.1680625 0.4992916666666667
0 0.6113046875 0.2778611111111111 0.076671875 0.10805555555555556
0 0.25421875 0.41255555555555556 0.09828125 0.13966666666666666
0 0.36827343749999997 0.44548611111111114 0.094984375 0.14683333333333334
0 0.024546875000000003 0.14406944444444444 0.04375 0.08879166666666667
0 0.2514140625 0.5671527777777778 0.11353906250000001 0.1765
0 0.43332031249999997 0.11433333333333333 0.0498671875 0.07073611111111111
0 0.4800703125 0.9069444444444444 0.1784453125 0.18611111111111112