0 0.2378046875 0.10318055555555557 0.043453124999999995 0.06047222222222222
0 0.2689375 0.12698611111111113 0.0365234375 0.06052777777777778
0 0.2896953125 0.10416666666666667 0.039640625 0.06168055555555555
0 0.23154687499999999 0.19244444444444445 0.048820312500000004 0.09401388888888888
0 0.956203125 0.7335416666666666 0.08759375 0.2033611111111111
0 0.674796875 0.5410138888888889 0.1121484375 0.17556944444444444
0 0.5505 0.366375 0.0733203125 0.11204166666666666
0 0.4984921875 0.28420833333333334 0.0630625 0.095375
0 0.643546875 0.3668055555555556 0.092515625 0.12394444444444444
0 0.7843828125 0.5128472222222222 0.10725 0.1652361111111111
0 0.24025781249999997 0.06727777777777777 0.03496875 0.04655555555555556
2 0.181640625 0.10954166666666668 0.0258125 0.054125
2 0.183453125 0.18448611111111113 0.0419140625 0.08130555555555555
0 0.32496875 0.24306944444444442 0.0472265625 0.084875
0 0.0323671875 0.11073611111111112 0.0522265625 0.08904166666666667
0 0.554609375 0.12405555555555554 0.05078125 0.0758888888888889
2 0.1443984375 0.1970277777777778 0.0357421875 0.09823611111111112
0 0.5033984375 0.14529166666666665 0.04609375 0.06594444444444444
0 0.243609375 0.3091388888888889 0.06309375 0.12094444444444444
1 0.1189609375 0.3853888888888889 0.1183046875 0.26384722222222223
0 0.36100781249999997 0.4288194444444444 0.0737890625 0.12934722222222222
1 0.0675234375 0.773375 0.1350390625 0.45325
0 0.49614062499999995 0.18101388888888892 0.062390625 0.073125
0 0.2658203125 0.6816805555555555 0.1339921875 0.23969444444444446
0 0.42674218750000004 0.6995416666666667 0.1244375 0.20398611111111112
0 0.021875 0.19647222222222224 0.04375 0.08879166666666667