0 0.20702343750000002 0.03922222222222222 0.027265624999999998 0.05745833333333333
0 0.021984375 0.1517777777777778 0.04396875 0.11181944444444446
0 0.664625 0.5140694444444445 0.10007812499999999 0.16283333333333333
1 0.1570546875 0.27999999999999997 0.11474218750000001 0.27773611111111113
0 0.742765625 0.37075 0.0916015625 0.1254861111111111
2 0.587203125 0.3030833333333333 0.027578125 0.07033333333333333
2 0.6478046875000001 0.3427777777777778 0.047421875 0.08940277777777779
2 0.6837187499999999 0.27349999999999997 0.0273515625 0.06913888888888889
0 0.5215859375 0.30009722222222224 0.07132031250000001 0.13027777777777777
0 0.40632812500000004 0.48836111111111113 0.10179687500000001 0.1602083333333333
2 0.851890625 0.4552777777777778 0.0507734375 0.11443055555555556
2 0.57659375 0.22447222222222224 0.02734375 0.08066666666666666
0 0.077046875 0.5331944444444444 0.11584375 0.14993055555555557
0 0.4876796875 0.1323888888888889 0.0445390625 0.07190277777777779
0 0.44759374999999996 0.13579166666666667 0.032710937499999995 0.04770833333333334
0 0.46902343750000003 0.21912500000000001 0.0512109375 0.092
0 0.5105390625 0.20977777777777776 0.052109375 0.07016666666666667
2 0.605953125 0.26337499999999997 0.0322578125 0.079875
0 0.50496875 0.7066944444444444 0.2651796875 0.29994444444444446
0 0.9102656250000001 0.8672638888888888 0.1794609375 0.2654722222222222
0 0.4373359375 0.07145833333333333 0.03940625 0.046875