0 0.8519062500000001 0.8051666666666667 0.173953125 0.24747222222222223
0 0.6825 0.5251388888888889 0.11459375000000001 0.20419444444444446
0 0.8083515625000001 0.4060416666666667 0.107453125 0.1406111111111111
0 0.7184296875 0.4253472222222222 0.09273437500000001 0.13704166666666667
0 0.936671875 0.7142916666666667 0.12665625 0.22175
0 0.7058125000000001 0.3144027777777778 0.0733125 0.09534722222222224
0 0.612078125 0.3215555555555556 0.0643984375 0.0937361111111111
0 0.5383281249999999 0.235 0.053023437500000006 0.06991666666666667
0 0.55171875 0.3495138888888889 0.0688359375 0.11383333333333333
0 0.1033828125 0.3156805555555555 0.07209375 0.12212500000000001
0 0.4895546875 0.18520833333333334 0.050124999999999996 0.07668055555555556
0 0.5104375 0.2695416666666667 0.04721875 0.08105555555555556
0 0.455203125 0.2181111111111111 0.041828125 0.06779166666666667
0 0.029249999999999998 0.3039861111111111 0.0585078125 0.12493055555555556
2 0.205109375 0.26448611111111114 0.0348828125 0.09283333333333334
0 0.40709375000000003 0.14369444444444443 0.0366953125 0.06676388888888889
2 0.20378124999999997 0.3563611111111111 0.037117187499999996 0.09643055555555556
2 0.2910390625 0.39229166666666665 0.0365234375 0.1071388888888889
2 0.19271093749999998 0.5746805555555555 0.064 0.14318055555555556
0 0.051453125 0.7128472222222222 0.10289843750000001 0.2694583333333333
0 0.4260625 0.17048611111111112 0.036703124999999996 0.049708333333333334
0 0.60753125 0.40365277777777775 0.0733359375 0.10222222222222221
0 0.2774140625 0.9396805555555556 0.15035937500000002 0.12063888888888889