0 0.20031249999999998 0.09422222222222222 0.043539062499999996 0.09744444444444444
0 0.278984375 0.07990277777777778 0.039640625 0.06255555555555556
0 0.24070312500000002 0.04744444444444444 0.0322890625 0.0545
0 0.6126406249999999 0.3064722222222222 0.06865625 0.11436111111111112
0 0.0205390625 0.11033333333333332 0.0410703125 0.08031944444444444
0 0.301859375 0.170625 0.04878125 0.08122222222222222
2 0.19439062499999998 0.31429166666666664 0.0455859375 0.10506944444444445
2 0.1307890625 0.29268055555555555 0.03303125 0.10381944444444445
0 0.10300000000000001 0.2381388888888889 0.06674218750000001 0.09222222222222223
0 0.32742187500000003 0.29051388888888885 0.059273437500000005 0.12652777777777777
0 0.254203125 0.33494444444444443 0.069578125 0.11069444444444444
2 0.090171875 0.48836111111111113 0.0482109375 0.15633333333333332
0 0.4245078125 0.8632916666666668 0.1581328125 0.2734166666666667