0 0.13559375 0.35381944444444446 0.0890703125 0.21654166666666666
0 0.3298671875 0.34031944444444445 0.064640625 0.11019444444444446
0 0.24784375 0.1728611111111111 0.0447890625 0.06720833333333333
0 0.7944453125 0.5098611111111111 0.12461718749999999 0.17759722222222224
0 0.9354140624999999 0.6928333333333333 0.129171875 0.24669444444444444
0 0.28678125 0.093875 0.032953125 0.05366666666666667
0 0.43275781249999995 0.07941666666666666 0.032046875 0.05086111111111111
0 0.23690625 0.07722222222222222 0.029171875000000003 0.042541666666666665
0 0.20588281249999998 0.074625 0.028726562500000004 0.050875000000000004
0 0.23802343750000002 0.043083333333333335 0.026937499999999996 0.03776388888888889
0 0.24025781249999997 0.06788888888888889 0.031093749999999996 0.03723611111111111
0 0.0551171875 0.08118055555555556 0.0357578125 0.05683333333333333
0 0.01984375 0.09290277777777778 0.033 0.05248611111111111
0 0.2662578125 0.03733333333333333 0.0293828125 0.049277777777777775
2 0.17195312499999998 0.14269444444444443 0.021593750000000002 0.07352777777777778
0 0.021875 0.27547222222222223 0.04375 0.09302777777777778
0 0.0190859375 0.16630555555555554 0.038171875 0.09673611111111112