0 0.9159218750000001 0.8574027777777778 0.16815625 0.28518055555555555
0 0.867515625 0.5960277777777777 0.15165625 0.20531944444444447
0 0.8423984375 0.4573055555555555 0.105453125 0.13345833333333335
0 0.6893046875 0.40094444444444444 0.0920703125 0.141375
0 0.6110781249999999 0.3151805555555556 0.068203125 0.09372222222222223
0 0.566453125 0.38445833333333335 0.0750859375 0.12018055555555555
0 0.1056171875 0.2180416666666667 0.0604921875 0.09195833333333332
0 0.54178125 0.24713888888888888 0.05815625 0.0798611111111111
0 0.5407890625 0.311625 0.05792968750000001 0.08263888888888889
0 0.484671875 0.2554166666666667 0.0525390625 0.08844444444444445
0 0.038625 0.16983333333333334 0.0486796875 0.08841666666666666
2 0.1921640625 0.12791666666666665 0.0268515625 0.06425
0 0.4298515625 0.17306944444444444 0.0411640625 0.06516666666666666
2 0.20245312499999998 0.16029166666666667 0.0290859375 0.06943055555555556
2 0.250421875 0.1874722222222222 0.0284921875 0.08491666666666667
2 0.18690625 0.23172222222222222 0.038109375 0.09554166666666668
0 0.07957031249999999 0.31430555555555556 0.0770078125 0.1297361111111111
0 0.45106250000000003 0.21177777777777776 0.0420625 0.06876388888888889
0 0.7445468749999999 0.6116666666666666 0.1242265625 0.19430555555555556
0 0.2582265625 0.3990416666666667 0.0833984375 0.15715277777777778
0 0.459984375 0.15087499999999998 0.0414140625 0.06043055555555555
2 0.14684375 0.2563888888888889 0.037984375 0.08594444444444445
0 0.41290625 0.10859722222222222 0.031148437499999997 0.04493055555555556
2 0.076890625 0.49869444444444444 0.053796875 0.14670833333333333
0 0.23991406249999997 0.7029166666666667 0.12715625 0.2480277777777778
0 0.42271093750000005 0.6961666666666667 0.10971093750000001 0.2043611111111111
0 0.4354296875 0.9257916666666668 0.1695234375 0.14841666666666667