0 0.19765625 0.10116666666666667 0.0424375 0.08286111111111111
0 0.12267187500000001 0.2037638888888889 0.06384375 0.10701388888888888
0 0.0300234375 0.2954583333333333 0.0600390625 0.1674027777777778
0 0.5423281249999999 0.3338611111111111 0.073296875 0.11679166666666667
1 0.4378046875 0.6610694444444445 0.694109375 0.5635277777777777
0 0.519140625 0.1532361111111111 0.0407265625 0.06198611111111112
0 0.2660390625 0.045861111111111116 0.0290859375 0.05445833333333334
2 0.4412421875 0.13873611111111112 0.0141875 0.05604166666666667
2 0.48175 0.16731944444444444 0.0224296875 0.05923611111111111
2 0.48822656249999996 0.11552777777777778 0.018421874999999997 0.04531944444444445
0 0.41088281249999997 0.14133333333333334 0.0391875 0.08263888888888889
0 0.9482109375000001 0.7559166666666667 0.1035703125 0.2570555555555556
2 0.5389999999999999 0.18934722222222225 0.019523437499999997 0.06837499999999999
2 0.4672421875 0.12683333333333333 0.02109375 0.066375