0 0.2003359375 0.08369444444444445 0.0424375 0.08286111111111111
0 0.110171875 0.1894722222222222 0.06384375 0.10701388888888888
0 0.030015625 0.27958333333333335 0.06003125 0.1674027777777778
0 0.5530390625 0.35291666666666666 0.073296875 0.11679166666666667
1 0.361921875 0.6158194444444445 0.5369921875 0.5428888888888889
0 0.53253125 0.16594444444444445 0.0407265625 0.06198611111111112
0 0.2660390625 0.045861111111111116 0.0290859375 0.05445833333333334
2 0.44749218749999997 0.1482638888888889 0.0141875 0.05604166666666667
2 0.48353906249999995 0.16255555555555556 0.0224296875 0.05923611111111111
2 0.49536718750000003 0.1171111111111111 0.018421874999999997 0.04531944444444445
0 0.41624218749999997 0.14291666666666666 0.0391875 0.08263888888888889
0 0.905359375 0.7582916666666667 0.1892734375 0.2522916666666667
2 0.5613203125 0.21793055555555554 0.019523437499999997 0.06837499999999999
2 0.47349218750000005 0.12841666666666665 0.02109375 0.066375