0 0.23981249999999998 0.13672222222222222 0.0394296875 0.06322222222222222
0 0.284671875 0.07679166666666666 0.03540625 0.05288888888888889
0 0.27160937500000004 0.04623611111111111 0.0347421875 0.050486111111111114
0 0.23957812500000003 0.03434722222222222 0.0238125 0.03936111111111111
0 0.23846875 0.09745833333333334 0.034664062499999995 0.04554166666666667
0 0.20866406249999997 0.027569444444444445 0.0303046875 0.04652777777777778
0 0.24035937500000001 0.05298611111111111 0.032968750000000005 0.049694444444444444
0 0.6184609375 0.32711111111111113 0.0731015625 0.11122222222222222
0 0.6992421875 0.40070833333333333 0.088265625 0.13863888888888887
0 0.819875 0.5424027777777778 0.129109375 0.20134722222222223
0 0.9601171875000001 0.7753888888888889 0.07976562499999999 0.20854166666666668
0 0.6217890625 0.48569444444444443 0.10211718750000001 0.143375
2 0.1534375 0.1702361111111111 0.0265546875 0.06530555555555556
2 0.1759609375 0.18331944444444445 0.025703125 0.058472222222222224
0 0.17967968750000002 0.20259722222222223 0.05225 0.07693055555555556
0 0.0119453125 0.1637222222222222 0.0203125 0.06459722222222222
0 0.29203125 0.14680555555555555 0.0492265625 0.07643055555555556
0 0.08983593749999999 0.28555555555555556 0.06896875 0.10620833333333334
0 0.3509609375 0.39566666666666667 0.08136718750000001 0.13997222222222222
2 0.0904921875 0.6995416666666667 0.085078125 0.18809722222222222
0 0.020203125 0.23495833333333332 0.0403984375 0.07926388888888888