0 0.8146171875 0.7156805555555555 0.1788671875 0.2867638888888889
0 0.9261953125 0.5314722222222222 0.11459375000000001 0.15966666666666665
0 0.8050234375 0.520611111111111 0.1230859375 0.14975
0 0.7843671875 0.40013888888888893 0.0983125 0.11122222222222222
0 0.657609375 0.3715694444444444 0.075109375 0.1302638888888889
0 0.5807265625 0.2826388888888889 0.059273437500000005 0.08261111111111111
0 0.5606484375 0.36856944444444445 0.0688359375 0.11383333333333333
0 0.1167734375 0.25852777777777775 0.07209375 0.12212500000000001
0 0.52125 0.22808333333333333 0.05815625 0.0798611111111111
0 0.538109375 0.3005138888888889 0.05792968750000001 0.08263888888888889
0 0.4757421875 0.24906944444444445 0.0525390625 0.08844444444444445
0 0.0381796875 0.20555555555555555 0.058499999999999996 0.09952777777777777
2 0.1903828125 0.16286111111111112 0.0268515625 0.06425
0 0.422265625 0.16672222222222224 0.0491953125 0.07469444444444445
2 0.20423437500000002 0.20156944444444444 0.0290859375 0.06943055555555556
2 0.2611328125 0.2398611111111111 0.0284921875 0.08491666666666667
2 0.1904765625 0.2952361111111111 0.038109375 0.09554166666666668
0 0.0755546875 0.4191111111111111 0.0761171875 0.15195833333333333
0 0.44213281249999997 0.20225 0.038492187500000004 0.06241666666666666
0 0.6682265625 0.49495833333333333 0.0911953125 0.13873611111111112
0 0.255546875 0.5260555555555555 0.0833984375 0.15715277777777778
0 0.44659375 0.13658333333333333 0.0414140625 0.06043055555555555
2 0.11470312499999999 0.3357777777777778 0.037984375 0.08594444444444445
0 0.4021875 0.09509722222222222 0.027578125 0.03698611111111111
2 0.0474296875 0.6384166666666667 0.053796875 0.14670833333333333
0 0.2501796875 0.9029722222222222 0.167328125 0.19404166666666667
0 0.47806249999999995 0.9089305555555555 0.1632734375 0.18213888888888888