0 0.0348046875 0.1603611111111111 0.04415625 0.08266666666666667
0 0.0681640625 0.25362500000000004 0.0631328125 0.10890277777777778
0 0.2465 0.29688888888888887 0.063546875 0.0922361111111111
0 0.322515625 0.22644444444444442 0.05973437499999999 0.08388888888888889
0 0.24025781249999997 0.19706944444444444 0.056398437499999995 0.09180555555555554
0 0.2891328125 0.13951388888888888 0.0443359375 0.06718055555555555
0 0.285453125 0.11055555555555555 0.03028125 0.04890277777777778
0 0.27742187500000004 0.09745833333333334 0.026703125 0.04016666666666667
0 0.2324375 0.06134722222222223 0.0238125 0.03936111111111111
0 0.23981249999999998 0.13079166666666667 0.039125 0.06141666666666667
0 0.1926015625 0.10856944444444444 0.0392265625 0.07193055555555555
0 0.2412578125 0.10301388888888889 0.027609375000000002 0.03858333333333334
0 0.48990625000000004 0.18656944444444445 0.051671875 0.08423611111111111
0 0.55953125 0.2474861111111111 0.062382812499999996 0.08940277777777779
0 0.623921875 0.333625 0.0871484375 0.1521388888888889
0 0.7150937500000001 0.43720833333333337 0.09940625 0.13231944444444443
0 0.780828125 0.6965972222222222 0.15364843749999998 0.22325
0 0.8046015625 0.538625 0.10965625000000001 0.1549861111111111
2 0.7246875 0.35683333333333334 0.0266484375 0.08981944444444445
2 0.9080468749999999 0.5495555555555556 0.049171875 0.12677777777777777
0 0.41245312500000003 0.14906944444444445 0.0333828125 0.0639861111111111
0 0.287015625 0.058569444444444445 0.026703125 0.04094444444444444
2 0.023546875000000002 0.6695833333333334 0.0471015625 0.17170833333333332