0 0.23869531249999998 0.12858333333333333 0.043453124999999995 0.06047222222222222
0 0.2778671875 0.15556944444444445 0.0365234375 0.06052777777777778
0 0.3021953125 0.1279861111111111 0.039640625 0.06168055555555555
0 0.23065625 0.23372222222222222 0.048820312500000004 0.09401388888888888
0 0.9246328125 0.8852083333333334 0.150734375 0.22959722222222223
0 0.8843671875 0.60175 0.14115625 0.18748611111111113
0 0.886484375 0.7420833333333333 0.174421875 0.19583333333333333
0 0.6136484375 0.45766666666666667 0.09518750000000001 0.14540277777777777
0 0.5210390625 0.3219166666666667 0.0733203125 0.11204166666666666
0 0.4833125 0.2556388888888889 0.0630625 0.095375
0 0.5953359375 0.304875 0.065734375 0.0953611111111111
0 0.7143046875 0.4302777777777778 0.1027890625 0.1366527777777778
0 0.2411484375 0.0895 0.03496875 0.04655555555555556
2 0.1736015625 0.13018055555555555 0.0258125 0.054125
2 0.1807734375 0.22577777777777777 0.0419140625 0.08130555555555555
0 0.34371874999999996 0.30101388888888886 0.0704375 0.12140277777777778
0 0.041296875 0.1440833333333333 0.0522265625 0.08904166666666667
0 0.5358671875 0.12247222222222223 0.05078125 0.0758888888888889
2 0.130109375 0.24783333333333332 0.0357421875 0.09823611111111112
0 0.4783984375 0.1175 0.038953125 0.05483333333333333
0 0.24807031249999997 0.4059861111111111 0.06309375 0.12094444444444444
1 0.097984375 0.48383333333333334 0.140625 0.3368888888888889
0 0.391359375 0.5661666666666666 0.11663281249999999 0.1817361111111111
1 0.057257812500000005 0.8495833333333334 0.1145078125 0.3008194444444445
0 0.4443671875 0.13734722222222223 0.0445390625 0.05565277777777778
0 0.2676015625 0.9150833333333334 0.1482734375 0.16983333333333334
0 0.48878125 0.9337361111111111 0.1556796875 0.13254166666666667