0 0.23981249999999998 0.1240138888888889 0.0394296875 0.06322222222222222
0 0.28378125 0.06408333333333334 0.03540625 0.05288888888888889
0 0.23957812500000003 0.042291666666666665 0.0238125 0.03936111111111111
0 0.23846875 0.08634722222222223 0.034664062499999995 0.04554166666666667
0 0.20866406249999997 0.027569444444444445 0.0303046875 0.04652777777777778
0 0.6314062500000001 0.3421944444444444 0.0793515625 0.12233333333333334
0 0.7063828125 0.41023611111111113 0.088265625 0.13863888888888887
0 0.8546875 0.5765416666666667 0.1576796875 0.22516666666666668
0 0.6860625 0.5650833333333334 0.1342578125 0.20370833333333332
2 0.1650390625 0.14959722222222221 0.0265546875 0.06530555555555556
2 0.1902421875 0.14520833333333333 0.025703125 0.058472222222222224
0 0.184140625 0.1867222222222222 0.05225 0.07693055555555556
0 0.020874999999999998 0.1621388888888889 0.0381640625 0.06141666666666667
0 0.29114062500000004 0.12933333333333333 0.0492265625 0.07643055555555556
0 0.09965625 0.2379166666666667 0.06896875 0.10620833333333334
0 0.333109375 0.3297777777777778 0.0724375 0.10980555555555556
2 0.1150390625 0.551875 0.064546875 0.14681944444444445
0 0.0309140625 0.2103472222222222 0.049328125 0.07131944444444445