0 0.9005468750000001 0.6341388888888889 0.15165625 0.20531944444444447
0 0.8700703125 0.4866805555555556 0.12330468750000001 0.15093055555555557
0 0.7071562499999999 0.41523611111111114 0.0920703125 0.141375
0 0.617328125 0.3199444444444445 0.068203125 0.09372222222222223
0 0.5771640625 0.38445833333333335 0.0750859375 0.12018055555555555
0 0.10382812500000001 0.19581944444444446 0.0604921875 0.09195833333333332
0 0.548921875 0.25508333333333333 0.05815625 0.0798611111111111
0 0.55596875 0.31956944444444446 0.05792968750000001 0.08263888888888889
0 0.4891328125 0.2649444444444444 0.0525390625 0.08844444444444445
0 0.0368359375 0.14443055555555556 0.0486796875 0.08841666666666666
2 0.19484375 0.10727777777777778 0.0268515625 0.06425
0 0.431640625 0.17306944444444444 0.0411640625 0.06516666666666666
2 0.20245312499999998 0.14441666666666667 0.0290859375 0.06943055555555556
2 0.24953124999999998 0.15888888888888889 0.0284921875 0.08491666666666667
2 0.192265625 0.20313888888888887 0.038109375 0.09554166666666668
0 0.075109375 0.2889027777777778 0.0770078125 0.1297361111111111
0 0.45106250000000003 0.2133611111111111 0.0420625 0.06876388888888889
0 0.7923046874999999 0.6624722222222222 0.14654687500000002 0.2133611111111111
0 0.25465625 0.3514027777777778 0.0833984375 0.15715277777777778
0 0.46801562499999994 0.15881944444444443 0.0414140625 0.06043055555555555
2 0.15755468749999998 0.23256944444444444 0.037984375 0.08594444444444445
0 0.4227265625 0.11970833333333333 0.031148437499999997 0.04493055555555556
2 0.0920703125 0.4542361111111111 0.053796875 0.14670833333333333
0 0.2408046875 0.6060694444444444 0.1110859375 0.22580555555555556
0 0.4053046875 0.5961388888888889 0.10703125 0.16943055555555556
0 0.3992734375 0.8511666666666667 0.1489921875 0.23098611111111111